52773	D009066
291645	0005306
291644	0005044
46124	0005515
851	0005076
60133	0013662
1686	0005052
68766	0004375
625	0005148
33038	0005155
68766	0000527
1624	0005090
242230	0001751
59823	D000073496
1018	0006858
2051	0005316
29387	0002358
59823	0008383
1591	D017698
817	0001751
71999	0005083
823	0005260
310297	0005306
239935	0005180
29387	0005147
69824	0005052
165179	D055948
29317	0005076
407975	D009066
470	0008226
172042	D009066
1747	0008608
625	0015183
59823	0005010
28135	D012907
84112	0005311
1161902	0008226
1304	0005148
437897	0007803
1308	0005301
562	0004976
287	0008226
556499	0005276
625	0005133
732	0018076
59823	0015356
856	0005575
885	0015254
1547	0005101
818	0005147
647	0005011
1302	0008608
28131	0002635
358743	D055948
28026	0005147
486	0005076
44737	0002358
1306	D037841
37915	0004980
979627	0007191
40520	0005260
1869337	0002009
1288	0007803
143361	D012907
39950	D009066
138851	0005076
1869337	0010518
851	0005011
638849	0005148
41978	0003085
310514	0005276
59823	0005052
425941	0044926
1708541	0024388
1262	0005515
76860	0005076
409	0005180
28132	D007234
1313	0003781
102148	0005575
40518	0005011
1535	0005575
1491	0005258
165179	0005301
46503	0005155
216816	0005101
1869337	0004975
60133	0005130
45579	0005083
29317	0005011
53346	0006031
853	0008903
1686	0000594
135083	0007915
28118	0011122
729	0005076
487174	0005260
76775	0005515
29387	0005340
29523	0004982
47770	0005701
29343	0004980
1683	0100290
647	0009061
817	0003085
1265	0011565
39488	0015075
28124	0005161
466954	0020283
1796615	0007915
68766	0005148
59823	0005388
1130798	0007915
536633	0009061
53419	0008226
59823	0005316
1282	0005276
1869337	0015254
59892	0005884
649756	0005011
29523	0023305
116085	0013433
550	0013730
28116	0005575
292800	0005260
821	0005130
59823	0010200
39778	0005515
871665	0005546
29387	0003232
853	0005277
1099853	0005149
1328	0005318
157692	0002635
68766	0015183
360807	0005575
41978	0011122
1512	0005002
818	0007915
1747	0004950
39484	0005546
172042	0044926
328814	0005147
33035	0005148
1306	D012907
573	0007079
1306	0007079
1590	0005180
166486	0005155
2047	0006858
837	0009831
1591	0005002
729	0005011
41978	0024388
29559	D012907
425941	0004980
29387	0019082
29387	0003004
41200	0007027
239935	0004784
357279	0008226
29523	0043797
1591	0008867
1506	0005388
1747	0006031
5476	0005109
817	0005090
1501332	0015356
31971	0002406
41978	0007883
39778	0002234
1869337	0005265
74426	0006052
4932	0005011
156456	0002635
166486	0006052
1689	D014607
625	0005180
142586	D009066
817	0011122
41978	0005095
860	0015356
53443	0005546
42322	0015075
715	0005388
113107	0001039
1280	0005011
470	0005076
29523	0018301
57037	0043839
29317	0006781
647	0005052
223958	0005515
28132	0002234
1161902	0005076
1306	0005575
1747	0004790
1343	0005276
573	0005575
28124	D009066
1493	0005011
287	0005076
134537	0019395
114527	0011122
1869337	0004950
216816	0002268
484	0018076
43997	0015356
626940	0006052
671229	0005276
142586	0005155
39778	0005090
52773	0008226
1318	0010030
142586	0005306
727	0003781
39485	0009061
142586	0005002
821	0005258
1496	0024388
208479	0005148
562	0005130
1869337	0006031
1261	0005011
853	0005083
1354	0005316
544580	0005130
29391	0006858
1591	0005406
853	0001751
1591	0005101
363265	0008171
360807	0005260
651822	0007915
42895	0005010
328814	0007915
301301	0005147
1506	0004845
329854	0005575
1280	0009061
1305	0005316
28230	0006031
1747	0011429
39491	0005301
1583331	0015356
55194	0006608
28132	0011122
39488	0005011
35783	0005083
106649	0005133
142586	0005109
1547	0005260
1869337	0004790
35783	0001751
34004	0005884
39488	0005300
165179	0008383
1623	0005180
1492	0001751
44749	0000594
820	0011122
177201	0024343
1498	0005260
142586	0005344
60133	0044926
28051	0005575
53419	0005076
165179	0006781
1304	0043923
1680	0008903
29317	0007915
329854	0005149
29523	0007699
41200	0005546
157687	0005276
68766	0005044
1502	0008383
68766	0010150
1869337	0005231
59823	0001942
301	0005276
1306	0015075
68766	0018229
36907	0005052
9	0005180
40518	0005265
1736	0009061
850	0011122
301301	0005404
1591	D000022
43768	0008383
418240	0001751
43997	0005373
309120	0002234
13690	0007254
1869337	0011429
1338	0005052
51123	0008226
187326	0007699
1591	0008171
84112	0005277
1869337	D013312
28124	0044926
470565	0005276
823	0005884
479	0007688
10368	0005079
357279	0005076
694448	0005441
460384	0005011
166	0005258
230143	0005300
853	0003085
29523	0008383
1596	0005318
735	0005002
29317	0003004
181675	0002234
134821	0005316
487	0006858
1680	0005277
41200	0007079
41976	0008310
1306	0023305
29317	0009831
76773	0024343
1302	0005148
29523	0005010
1409	0003781
1596	0005047
40545	0006052
1591	0007256
729	0005388
59823	0005133
461393	0001039
37915	0009061
39491	0005011
562	0005306
1328	0007915
484	0005076
1515	0005148
29523	0015356
901	0005260
33959	D007234
51925	0005052
1306	0004631
1550	0005260
59823	0013433
29523	0015254
907	0005148
239935	0006052
39491	0005300
29387	0000702
837	0005083
35783	0002234
1308	0000594
197	0005258
562	0006052
41978	0007027
59823	D007234
47678	0005011
328814	0004375
29317	0001444
52773	0005076
1306	0005249
625	0005130
310298	0000088
1328	0005265
1852369	0005364
1107316	0043923
187326	0015356
41978	0005081
214853	0009061
41200	0005575
29387	0005083
29317	0001505
1303	0012727
1869337	0005148
821	0002691
29387	0001751
1623	0018585
55085	D009066
39485	0000594
28111	0003004
5476	0004844
1537	0005011
142586	0008226
714	D012907
729	0001039
61171	0005011
33033	0008226
853	0011122
1306	0018301
40518	0008903
1531	0005260
142586	0018170
1506	0013433
1282	0005313
165179	0000594
390842	0005276
1260	0002234
39491	0009061
1591	0005276
1351	0005575
1306	0005252
33038	0005011
166	0005344
1328	0004950
853	0024388
33033	0018076
821	0004980
28124	0008226
35783	0005090
1506	0000702
1747	0024343
1262	0005002
1379	0004844
749889	0020283
1017	0011122
39496	0005260
287	0005960
28118	0005101
204516	0005180
60133	0007191
28132	0019100
28136	D012907
59823	0005701
59823	0024352
1305	0005148
480	0024352
853	0005095
33038	0002412
1262	0005993
46228	0005148
1376	0006624
1303	0008608
1512	0005260
341694	0005515
218538	0005148
1681	0005130
28901	0005011
41978	0002974
1309	0011122
29387	0006644
1409	0005649
1522	0005090
1591	0005260
28037	0008608
35783	0007883
166	D012907
2047	0010385
1773	0008903
43675	0005276
59823	0005515
1282	0007915
28188	0005180
1579	0018301
1737424	0005546
1306	0021722
625	0005258
29466	0006858
60454	0002635
218	0005109
51123	0005076
418240	0011122
33959	0002234
29523	0008487
885	0005180
40545	0004979
823	0011429
88431	0005180
39778	0005002
46124	0010030
885	0005044
726	D012907
61592	D009066
68766	0005812
46506	0005260
562	0002691
37637	0009061
29347	0005546
59823	0018229
487175	0005260
1379	0005076
47770	0006052
28116	0015356
216816	0005147
1304	D009066
41200	0004982
626937	0005011
1130798	0002234
29523	0004790
1282	0019082
39485	0100290
51288	0011122
562	0004979
166	0004979
1681	0007027
1591	0000771
1584	0005316
29523	0007803
33038	0005311
1506	0005515
823	0018305
616	0005002
562	0004980
727	0009061
1306	0016064
47770	0005109
59823	0005364
42895	0005148
817	0005101
28116	0005052
102148	D006209
5478	0020283
1680	0003085
28134	0002635
68766	0010385
41200	0023305
341027	0005011
1304	0005155
5476	0005011
28117	0005575
166	0008226
84026	0005260
1314	0006858
1689	0002234
1624	0005276
1352	0005316
573	0005313
1591	0005318
837	0011122
1306	0008383
43675	0005076
42895	0005705
82135	D007234
1310	0008903
1537	0005052
402384	0005180
625	0005109
1282	0006031
41978	0007079
84024	0005011
29523	D013312
74426	0005011
29317	0005083
1130798	0011122
1306	0005010
29387	0011122
142586	0005076
166486	0005011
823	0005148
33033	0005076
292800	0004375
59823	0043923
1869337	0005044
1869337	0005180
1306	0043519
1306	0015356
29466	0011122
29387	0024388
28037	0004950
1591	0004767
856	0000527
59823	0004699
1869337	0004976
1591	0012268
28124	0005076
1591	0002412
1689	0005090
41976	0005276
33038	0005404
1343	0001039
1655	0005276
68766	0005258
190721	0005515
1409	0005011
1306	0005441
341027	0009061
745057	0024388
371601	0005301
41200	0018301
1107316	D009066
1306	0005052
1506	0005090
44737	0011122
817	0008171
1869337	0024388
1680	0011122
1506	0009688
59823	0007688
41978	0005575
292800	0005277
571	0005260
729	0000702
708069	0011122
28116	0000594
29523	0001942
1506	0011122
43768	0005148
53418	0005076
68766	0005306
74426	0009061
33917	0007254
4932	0013433
387090	0005148
1532	0005148
166486	0009061
165179	0013433
1506	0005062
78258	0005180
243922	0008226
59505	0006624
142586	0005011
47882	0005265
29361	0006052
28116	0008487
33033	0005011
28131	0006604
29523	0005148
327575	0010030
68766	0005100
40545	0005301
301302	0005130
488	0005148
28130	0008383
625	0002691
328813	0005546
147802	0007191
154288	0008757
817	0005575
425941	0001039
745368	0005011
1304	D012907
29523	0005705
1322	0100290
28118	0005260
1306	0005316
1775474	0005701
29523	0015183
199	0008226
246432	0005884
1591	0005147
68766	0005109
41976	0005076
166486	0005311
42374	0005276
1655	0005076
38304	0006031
28125	0006052
1591	0002009
33012	0008315
625	0004980
322095	0008383
407975	0007915
82135	0002234
47770	0018076
1496	0005575
29523	0013433
358743	0005083
1306	0019956
437897	0006052
29387	D017698
28129	0005276
68766	0005344
221027	0018353
142586	0005264
1305	0043923
1591	0004975
41200	0007699
1262	0005649
1580	0005884
1898203	0005149
1747	0013730
166	0005076
35783	0008867
114702	0015356
33035	0043839
1660	0005575
1264	0005575
64518	0020283
109790	0005316
38304	0008903
29317	0005361
120580	0009061
851	0011122
1280	0012105
1306	0004790
29317	0005090
1535	0005148
573	0004790
1306	0005178
1306	0001174
821	0009061
28449	0006858
142586	0005311
68766	D012907
851	0001187
216816	0008903
1445	0007254
100886	0005090
41200	0008383
60133	0015356
837	0002635
1280	0005515
290054	0015075
1547	0005277
1107316	D012907
818	0858950
40518	0000088
1535	0015183
820	0005575
229037	0005155
817	0005260
28134	D012907
41978	0023305
33038	0008903
1686	0005155
39778	0005276
371601	0009061
239935	0005011
189722	0008383
218	0100459
47293	0018301
29387	0007254
2130	0005316
562	0005011
41200	0015356
625	0015075
853	0005546
76775	0020283
59823	0015279
29361	0004980
357276	0001751
267212	0044926
562	0005300
649756	0011122
28116	0005148
35783	0005406
68766	0004979
1382	0010030
35783	0005101
1352	0013433
1681	0005149
80866	0005276
165179	0005364
885	0005258
59823	0006733
1659	D009066
360807	0005148
821	0015356
243922	0005076
1596	0005148
827	D009066
142586	0005404
44737	0002635
61592	0005276
1532	0005180
638849	0007191
674529	0011122
29523	0000703
33038	0005277
301301	0001187
671267	0008383
729	0011122
28134	0018353
29523	0005180
2108	0013662
1681	0007191
68766	0006896
1052096	0005515
239935	0009061
821	0005052
59823	0005155
29523	0018229
625	0005301
165179	0009688
562	0007699
59823	0005306
1318	0007803
562	0009061
166	0009061
166	0007147
33039	0005011
199	0005076
59823	0005002
45972	0005047
480	0005002
35833	0011122
29523	0004985
41978	0012268
76777	0005083
142586	0007915
859	0005649
100176	0005180
88431	0006052
1280	0011122
1198485	0005515
1680	0007027
820	0005260
218	0005011
1304	0005301
59823	0005993
40545	0006781
1689	0005155
28133	0005316
68766	0007191
2702	D037841
1591	0001444
1309	0010030
41200	0004950
1382	0005575
358743	0011122
41200	0001711
158847	0005575
39498	0021160
1940338	D055948
1506	0005155
166	0002358
59823	0005109
1591	0001505
409	0009061
840	0005276
1869337	0005258
47770	0006624
853	0005575
177972	0005276
479	0011888
562	0006781
68766	D055948
1306	0015183
1506	0005002
1598	0005148
215530	0005316
885	0005344
1531	0005277
59823	0005344
214856	0000702
29523	0043923
1306	0005133
142586	0009831
55565	0005276
35783	0007256
35517	0005258
40518	0002406
39488	0005090
142586	0004981
329854	0005148
1306	0013433
33038	0005083
1535	0005180
154046	0005277
41978	0012727
479	0043923
821	0000594
33038	0001751
29348	0005277
41211	0005301
39488	0011122
1107316	0004844
1656	0008226
851	0002635
1591	0001517
1591	0005231
907	0005109
562	0005052
1018	0008608
41978	0002009
625	0005011
1579	0005148
29523	0011438
1336	0013433
1512	0005277
310298	0005260
41200	0004375
29523	0018585
625	0005300
187328	0002234
29317	0007254
59823	0005016
29317	0002635
1633	0007027
27334	0005276
234908	0005302
68766	0004631
43675	0008903
216816	0006644
41978	0004975
840	0005076
5580	0005276
823	0005130
490	D012907
218	0002358
1591	0004425
177972	0005076
35783	0001673
1304	0005011
146827	0004980
817	0005147
43997	D009066
59823	0020782
117187	0005011
647	0005002
218	0006781
35519	0005076
229037	0007256
1506	0005101
714	0009831
214993	0005276
28137	0005515
37637	0024352
109790	D007234
360807	0005180
820	0012268
437897	0005301
1306	0005701
46228	0006052
1735	0005148
625	0009061
29387	0007079
1343	0005090
76860	0002635
885	0004980
1309	0005276
853	0004982
817	0004975
1868208	0020283
59823	0003781
727	0024352
59823	0004967
59823	0008171
341027	0000702
333367	0005011
47671	D009066
727	0012105
1747	0004980
113287	0005276
1591	D000026
562	0000594
53419	0011122
35783	0005260
59823	0008226
1306	0005515
47671	0005258
1303	0043923
47293	0005316
562	0007739
821	0100290
1492	0005260
29523	0005130
837	0005575
28117	0000594
726	0005373
616	0002358
2173	0005277
76773	0005276
1306	0005180
42895	0005155
361500	0005133
1521	0005258
68766	0005011
28052	0005301
29387	0005575
84030	0005180
229037	0005649
42895	0005306
78259	0005180
1306	0018229
35517	D012907
147802	0005316
33032	0008315
1624	0005231
74426	0005083
68892	0008903
89014	0009061
41200	0005148
1522	0005260
1591	0044937
823	0005258
1318	0006858
853	0021187
216816	0011122
31998	0007254
13690	0004950
1681	0009061
1598	0005180
35783	0000771
1869337	0004979
33038	0005090
29523	D012135
39485	0005155
1869337	0004980
310297	0005090
729	0005002
29523	0006665
218538	D012907
28130	0005701
1409	0005083
1506	0007256
33039	0003004
1306	0011888
113287	0005076
42895	0005109
41978	0001711
1409	0044937
2130	0005701
817	0005265
310297	0011122
341694	0005649
29361	0009061
1306	0016264
161879	0006604
87541	0005316
194702	0005148
29317	0005101
29317	0005406
76773	0020283
5476	0005515
216816	0005095
1282	0002406
68766	0009061
59823	0005276
853	0005252
1262	D006209
43675	0005083
33038	0000088
1579	0005180
1262	0004950
39778	0007915
47770	0005316
1280	0005002
470	0007254
310297	0000088
1306	0043923
322095	0005701
907	0007191
651822	D012907
39778	0005884
39486	0006052
851	0010030
29523	0005258
33038	0005095
203	0005148
47715	0005147
1306	0005338
28132	0005441
46228	0004980
1328	D037841
1306	0000922
649756	0005101
1689	0005276
35783	0012268
885	0005301
154288	0000594
165179	0005109
187101	D037841
41959	0024388
40520	0006052
1305	0008226
40520	0002679
39497	0005258
41978	0004790
29317	0010030
1869337	0007191
823	0043839
29523	0005155
68766	0006781
47671	D012907
29387	0004982
1583331	D012907
28037	0005130
229037	0006624
1895944	0005052
341694	0005076
41978	0004375
41978	0000527
616	0003232
59823	0020283
1735	0005180
45286	0024388
29317	0007079
1869337	D055948
820	0005884
68766	0015356
39485	0005406
229037	0005011
76773	0005011
1686	0005011
59823	0005076
29361	0005052
817	0004790
42895	0002691
35833	0005101
1680	0005260
28134	0015356
817	0007803
43770	0006559
68766	0005052
1309	0006644
315405	0005011
851	0005575
29523	0005109
617123	0005276
1351	0004822
1280	0005101
39492	0005149
40543	0005701
28132	0004950
1591	0005044
218538	0007191
1302	0005076
29317	0007256
42895	0004980
53419	0002635
1869337	0019167
1304	0001039
138595	0005276
74426	0005090
1493	0005101
1261	0002974
28134	0005052
29523	0005344
29317	0005575
1869337	0005301
44737	0001356
84024	0011122
820	0004950
33035	0005052
59823	0006624
239935	0000702
562	0013433
859	0001039
1311	0002234
41200	0005180
59823	0005318
216816	0002406
1018	0005148
33043	0005180
1591	0001187
905	0005109
1591	0024388
41200	0018229
1824	0006031
1680	0000771
853	0021055
1261	0005101
1220192	0024388
68766	0005388
43768	D012907
143361	D009066
29387	0006608
59823	0005011
860	0005276
2098	0005316
328813	0000594
1282	0003472
28449	D012907
885	0005300
33038	0002406
29001	0005011
1747	0005011
1409	0011122
292800	0005546
33034	0002234
166	0005083
35783	0005313
29523	D012907
827	0005011
820	0008487
41200	0005364
165179	0008171
626940	0011122
44737	0005318
1338	0008226
29361	0000594
1492	0005313
41978	0005148
833	0006858
68892	0006858
229037	0002358
1506	0006920
68766	0019956
147802	0005133
68766	0000594
35517	0005076
484	0002635
1328	0005575
290054	0001942
28111	0008757
1750	D009066
328813	0007803
142586	0011122
853	0005884
2702	0021722
33033	0011122
113107	0006723
1282	0043839
216816	0007027
409	0005083
715	0005318
88431	0009061
147802	D007234
885	0005264
29387	0007871
59823	0007147
1305	0005076
163202	0001187
59823	0005264
1177574	0002268
29523	0004979
2108	0005297
43768	0008226
1017	0007915
40518	0004982
102148	0044926
29523	0004980
47671	0004844
29523	0004967
177972	0005055
860	0005076
479	0004979
1382	D006209
425941	0005002
28037	0005109
1596	D037841
360807	0006052
46124	0006858
879276	0008226
573	D009066
180282	0008903
29523	0008226
1869337	0005300
29387	0012727
745368	0000088
35783	0003232
1490	0005260
1019	0008608
1306	0005258
573	0005258
729	0005276
45634	0018076
214856	0005155
34062	0005515
35783	0005265
59823	0002358
76775	0005083
42322	0005101
39488	0008171
885	0006781
59823	0005147
68766	0005302
625	0005003
2108	0004631
35783	D014839
885	0005010
1304	0002909
371601	0011122
2052	0005316
1591	0005312
2702	0008383
487174	0005149
1306	0005155
147802	0005701
418240	0007915
446660	0005101
135083	0008608
47770	D007234
39491	0005101
714	0011122
292800	0008757
1869337	0005298
1306	0005306
562	0002234
495	0005076
310298	0007803
395922	0005258
35833	0005649
837	0008383
41200	0004784
419015	0005130
37734	0000594
29505	0005575
285	0005276
1303	D012907
35783	0004981
28052	0000594
1689	0005147
1290	0007915
729	0005260
727	0005002
1306	0006052
885	0005052
68766	0100290
59892	0008383
1547	0005546
208479	0000594
39485	0005260
1587	0002234
1506	0005147
1343	0010030
1591	0005812
1310	0005276
29523	D055948
1535	0004980
853	0004790
35783	0001444
570835	0002268
239935	0005090
820	0005148
87541	0005701
29523	0015075
1306	0005109
59823	0043459
39483	0005011
142586	D017698
33032	0005133
1869337	D000073496
454155	0005044
266812	0009061
1488	0009061
28112	0002635
35783	0001505
33035	0100290
1150298	0005101
4932	0020283
68766	0001942
203	0013662
853	0004375
42322	0008171
204516	0000594
29387	0015254
301302	0000594
1502	0005301
40518	0012268
1379	0002635
626930	D055948
59823	0002775
1306	0005146
33038	0005101
1506	0004975
1338	0005076
1306	0005344
142586	0005312
41200	0005130
357276	0002268
229037	0009831
1869337	0005010
261299	0005260
218538	0009061
35783	0008903
562	0005338
1304	0001751
150055	0002234
1869337	0015356
41978	0005180
59823	0007915
936456	0005148
47770	0006644
387090	0005301
41978	0010150
1303	0008226
1409	0007254
42895	0005011
41978	0018229
853	0011429
1591	0007027
41978	0004976
29523	0005301
60133	0006665
143361	0008226
28116	0004980
42895	0005300
47293	0043923
1292	0005276
59823	0003232
102148	0007191
1869337	0005052
59823	0005265
87541	0002234
43768	0005076
41200	D012135
484	0010030
58231	0008226
290054	0005180
293545	0005701
589437	0011122
817	0005180
28133	0006665
501571	0005011
35783	0011429
28132	0006858
33039	0011122
837	0004950
68766	0013433
59823	0003004
1547	0005575
879276	0005076
1515	0005316
29388	0003472
47770	0002234
1338	0005011
80866	0006858
1506	0007915
818	0005265
1306	0020782
35783	0004425
230143	0005276
59823	0009831
839	0005052
52226	0003085
1409	0005081
199	0007186
360807	0005149
51288	0004790
59823	0004981
310297	0008171
35519	0005083
1506	0003232
1304	0005515
42895	0005264
1302	0001039
76761	0002406
28133	D009066
1306	0004979
1502	0005011
4959	0005083
29317	0002009
137816	0009061
46228	0005052
154046	0005101
41200	0005258
204	0005148
1306	0004980
112498	D014607
853	0005148
480	0006031
1735	0005109
40324	0004980
1305	0005404
44737	D006209
1306	0010726
1306	0008226
739	0044926
1532	0005011
59823	0001505
571	0005130
41200	0005155
47770	0011122
1869337	0019956
52769	D009066
1869337	0000594
41200	0005306
1526	0005260
626929	0005011
301301	0012727
29523	0005011
35783	0005779
1488	0005316
1130798	0004790
28141	0005090
539	0005076
1318	D012907
42322	0005260
258515	0005147
164	D009066
625	0005090
1685	0009061
110936	0005884
39778	0001187
74426	0005101
29523	0005300
28124	0005002
100134	0005147
1869337	0008487
41200	0005100
59823	0008903
166	0011962
1502	0009061
51160	0008226
1655	0002635
158	0008226
28131	D012907
39485	0005147
1280	0018103
39485	0011565
68766	0005515
735	0002635
28135	0005076
1681	0002234
59823	0005231
1306	0007191
1304	0005090
41200	0005109
616	0001187
165179	0005311
84112	0004375
28026	0007803
42895	0005052
46124	0005130
61592	0011122
1018	0005161
29523	0005298
1680	0004790
823	0005010
76860	0008608
147802	0005161
363265	0005575
35783	0005351
29391	0005515
39488	0002412
1303	0005076
837	0019086
1305	0001039
29523	0009061
41200	0005344
53345	0002691
29523	0005264
1506	0008903
143361	0005076
29523	0850230
28037	0005076
216816	0005260
38289	0009061
2098	0002234
38284	0006031
479	0009061
1591	0007079
142586	0005101
28133	0044926
33033	0005101
1019	0005148
5599	0005052
58231	0005076
89926	0005276
1535	0005011
33038	0005260
184870	0008315
529705	0005884
29523	D000073496
328814	0000594
76773	0005083
1868208	0003085
745368	0005101
626932	0005011
29523	0005311
172042	0005276
28125	0002234
1318	0005149
39496	0005575
1352	0005011
39491	0043797
419015	0018353
310298	0005180
1017	0006858
41200	D012907
1302	0002909
28133	D012907
479	0002358
84135	0001039
47770	0005161
1306	0005301
1550024	0005546
1512	0005575
1750	0005076
68766	0005090
29394	0024352
1559	0005260
729	0007915
885	0013433
1591	0005575
82203	0005002
166	0005002
31971	0043839
76122	0044926
74426	0005575
495	0009831
29387	0005148
729	0005884
28037	0005011
979627	0015356
1343	0012268
68766	0043923
39950	0005276
884684	0002234
28117	0005155
39498	0008383
68892	0002679
59823	0000702
33038	0000771
1532	0005052
28037	0005300
28116	0005011
29466	0005148
28025	0005147
142586	0007079
33036	0002974
853	0005180
29523	0005052
1306	0005076
42895	0009831
137732	0005276
84112	0005148
41200	0004979
1280	0007915
410072	0006052
5476	0005276
59823	0005083
76122	D012907
41200	0004980
1352	0009061
1409	0005575
41200	0003781
357276	0005147
5599	D014607
59803	0002635
437897	0009688
33043	0004980
68766	0018542
4932	0005265
851	0000527
626940	0005575
41978	0005351
1680	0005148
1313	0012727
172042	0005076
203	D012907
41200	0008226
1328	0005316
86333	D009066
1869337	0005003
35783	0005044
1869337	0005705
729	D006209
1338	0001039
454154	0005044
1096246	D055948
147207	0005148
1869337	0015183
1313	0005147
41978	0005258
729	0004950
154046	0005260
40545	0005101
29348	0005260
142586	0007256
28037	0009061
1660	0005130
76776	0005083
1596	0021722
158	0005076
292800	0005052
39483	0100290
142586	0005575
29523	0005388
1306	0006920
1624	0007079
47293	0005109
40543	0008226
625	0019100
28116	0009061
239935	0005101
33043	0005149
76631	0015356
1496	D012135
1318	0005301
487175	0005149
1869337	0013433
729	0006031
39950	0005076
562	0005101
1506	0001751
35783	0024388
29523	0010200
360807	0009061
1306	0005011
837	0006858
41978	0005306
301302	0002234
817	0001674
1018	0005109
1318	0004631
162	0005161
76631	0005441
851	0019086
2702	0005701
147802	0005109
1747	0012105
1306	0005300
187326	0005388
84024	0005260
41200	0007191
39491	0005147
59823	0006644
1506	0005351
29523	0019956
1810	0043839
166486	0005260
204516	0005364
301301	0007803
1535	0005052
438033	0005090
487174	0000594
1280	0006031
871665	0005011
1747	0005515
303698	0024388
1018	0044926
34026	0005076
157228	0005884
41978	0005109
39484	0005011
39491	0004975
272239	0043839
1689	0006644
1409	0005260
386414	0005316
1302	0005515
301302	0005090
1591	0001356
413501	0005313
425254	0005148
40519	0012268
479	0009831
39765	0009061
33039	0005101
573	0009061
1306	0009061
39777	0005155
1306	0007147
41978	0005344
2702	0005180
229037	0024388
229037	0001187
137732	0005318
480	0024355
851	0005148
1161902	D006209
853	0004784
218	0005101
729	0011429
824	0008226
45851	0005149
234908	0005260
562	0008226
29317	0005148
1591	0043797
1506	0003085
41200	0005301
1114161	0013433
105229	0008903
1130798	0005180
47770	0002974
1306	0005311
341694	0011122
1306	0002358
885	0009688
42374	0007079
329854	0009061
29466	0010150
287	0006031
1306	0006781
573	0006781
907	0002234
1262	0010030
562	0007256
1869337	0000703
33025	0005260
53419	0005884
28128	0008383
1591	0018301
59823	0011122
818	0005044
28129	D012907
36841	0005260
550	0005260
59823	0001103
116085	0005081
1591	0005252
1313	0004950
28133	0005076
44737	0005180
1302	0005090
59823	0001187
42895	0000702
44737	0010150
1869337	0004985
853	0005130
76860	0005148
39491	0005265
358743	0005277
29387	0011888
301301	0005148
1506	0005044
1302	0011122
59823	0007883
625	0005406
310298	0007027
625	0005101
907	0005090
1869337	0005364
1313	0006031
41978	0004979
1328	0005148
1596	0005316
147802	D003085
479	0013180
52769	0005076
41978	0004980
823	0013433
68766	0005155
46506	0012268
194702	0005076
135082	0008226
625	0005016
1492	0002406
851	0006858
1747	0011438
491921	0006052
39491	0004950
28037	0009831
1869337	0016264
164	0005076
166	0005276
360807	0000594
879969	0005161
68766	0005002
1506	0024388
2047	0044926
214856	0007915
1262	0005575
1735	0009061
615	0006604
671218	0011122
239935	0005202
1358	0005147
1470347	0007915
5476	0005147
41200	0005011
1309	0005130
39397	0005276
39778	D012907
40545	0005260
1685	D007234
820	0005546
363265	0005010
329854	0005052
68766	0005993
1306	0005388
40520	0013433
218	0005575
41200	0005300
328813	0005344
817	0004980
165179	0005083
261299	0005148
39486	0005083
2718	D009066
821	0005011
1318	0015356
1591	0007699
328814	0005180
485	0005701
74426	0011565
5207	0005011
166486	0011565
1306	0003232
113287	0002635
116085	0005101
172042	0007915
625	0008171
59823	0018037
1304	0010030
1501392	D055948
43769	0009061
853	0005258
33025	0012268
28116	0005302
1496	0004980
1308	0006644
216816	0006031
59823	D017698
75750	0005276
272548	D009066
1305	0011122
157687	D006209
548	0005311
218538	0005090
1501332	0011122
29523	D007234
39777	0008226
1306	0003004
39491	0004375
824	0005076
41200	0009061
328814	0005364
40518	0005180
1773	0004822
41978	0015075
59823	0005312
41200	0850230
1591	0008383
2702	0005161
860	0011122
76124	0005076
647	0001187
5074	0005109
29523	0005083
625	0007256
29317	0005180
29317	0005044
29523	0001751
1306	0004981
29317	0010150
305	D007234
134821	0002234
86333	0005276
216816	0004790
142586	0012727
1591	0005010
820	0002691
1351	0009061
1579	0005316
1680	0004784
143393	D006209
616	0005575
28132	0004980
59823	0011382
33039	0005260
625	0002268
1591	0043519
853	0006052
72	0006858
39496	0005052
28112	0015356
270498	0005180
1591	0015356
2047	0008226
43997	0011122
86832	0024388
239935	0006920
1591	0015254
158	0001039
142586	0002009
29387	0005812
33038	0004790
29387	0005130
84135	0011122
47770	0005276
478	0005002
68766	0020782
727	0006031
1506	0005312
28130	0005316
208479	0006052
41978	0005301
29466	0005130
28037	0002909
310297	0007803
301302	0005155
172044	0005884
1849603	0005011
824	0005011
59823	0002635
59823	0007254
5476	0005265
338188	0005575
41978	0001056
821	0006781
853	0005344
1409	0015254
137732	0001039
1308	0005090
625	0005276
1270	0005515
135082	0005076
1306	0008903
29317	0018309
69710	0006858
28117	0005011
1328	0010150
41978	0002203
33037	D037841
1308	0011122
41200	0005052
1260	D037841
1262	0004631
33043	0005052
1130798	0007027
1382	D012907
31971	D000073496
55194	0024343
308994	0005109
416555	0009061
43675	0005441
1304	0005276
5057	0005011
386414	0005701
41978	0018301
1547	0005148
1282	0024343
281920	0005575
59823	0005081
46503	0004790
229037	0002974
1338	0011122
1685	0005090
625	0005260
1591	0004950
33038	0018305
1869337	0006665
68766	0007256
165179	0011122
147802	0005047
47678	0005148
39486	0011122
1502	0005090
68766	0005027
1262	0018301
1747	0005002
616	0004982
623	0005011
29466	D009066
28117	0009061
850	0007191
76122	0005052
40545	0011565
41200	D016031
35783	0007079
1304	0005260
172733	0013433
1311	0005265
5537	0005276
41978	0005011
59823	0007453
624	0006052
39777	0005076
239935	0005147
47293	0007147
562	0005311
84112	0005258
1506	0005081
1591	0008487
152794	0006858
1869337	0006733
106588	0005575
853	0004979
310298	0005149
1313	0006858
821	0007915
41978	0005300
40543	0005316
33038	0005148
2173	0005265
43675	D006209
1869337	0006710
1351	0005316
484	0005148
29523	0009688
853	0004980
56142	D009066
39778	0005249
1314	0700217
33043	0000594
1591	0004790
626929	0011122
29523	0011122
437897	0002268
59823	D037841
135083	0005109
817	0018109
29387	0005100
68766	0005276
154288	0005011
29387	0006052
1591	0007803
1869337	0005155
1625	0005575
488	0043923
333367	0005260
156456	0005388
29523	0005062
47770	0005047
68766	0005649
1343	0006858
41200	0009831
1869337	0005306
2047	0005076
1306	0005779
47293	0002358
35783	0005575
885	0005406
625	0005318
1303	0005515
409	0002358
290054	0005300
40542	0011122
28132	0005249
714	0007915
1107316	0005276
901	0005148
817	0005300
59823	0002345
1306	D007234
59823	0005406
1313	0024355
59823	0005101
1311	0006031
1306	0100190
28124	0004950
29317	0005812
1409	0004790
29317	0005130
28037	0005515
135083	0044926
28026	0006052
1596	0005701
218538	D009066
56774	0005276
84026	0000594
1382	0007191
39777	0005011
29466	0005109
76123	0007191
1306	0005083
1496	0005011
219301	0007254
158847	0007191
1306	0001751
1409	0004375
68766	0005260
1680	0006052
1304	0005318
46124	0015356
203	0005373
28090	0002406
1869337	0005109
61645	0005388
1306	0001656
625	0002412
70584	0003232
41200	0005302
43995	0005515
461393	0002635
539	0011122
1531	0005148
137838	0004979
28037	0002234
1591	0100290
1264	0005011
29466	0044926
837	D012907
59823	0010030
1869337	0005344
76631	0043923
154046	0005148
1686	0005575
102148	0011122
59823	0100430
158	0005083
1535	0011122
1683	0005260
1352	0005090
28129	0008383
1596	0005180
310298	0005301
29387	D012907
1579	D007234
1506	0005546
59823	0007079
39777	0009061
39491	0005044
1328	0005130
165179	0858950
64495	0020283
1496	0009061
1318	0013433
1590	0005147
817	0008383
2104	0005079
328814	0005306
39491	0004976
1512	0005148
729	0002635
310297	0003085
1303	0011122
29523	D017698
1262	0015356
197575	0005373
1282	0011438
165179	0019100
1591	0005148
387661	0008757
68766	0006624
1280	0002406
29317	0005258
487	0004844
341694	0005575
2130	D007234
35783	0004982
28037	0011122
419005	0008383
216816	0020920
44737	D012907
2097	0002234
727	0006858
671224	0005148
853	0005301
216816	0005180
29387	0004979
59823	0007256
166	D006209
28116	0011122
293	0005076
1502	0019100
1506	0007079
29391	0005318
59823	0005575
29387	0004980
1591	0015183
59823	0005937
29523	0011962
35783	0001356
35783	0019167
625	0010518
1306	0002234
573	0002234
39778	0008383
35783	0023305
2718	0005076
817	0005052
84112	0004979
425941	0011122
1591	0002269
820	0009061
82135	D037841
214856	0005044
1591	0013433
2108	0005109
68766	0006723
727	0024355
28125	0005047
471	0008226
69823	D009066
35783	0004631
363192	0008226
823	0005155
44737	0004979
29523	0019100
1598	0002234
33029	0002234
28132	0008383
1328	D009066
823	0005306
616	0008383
1306	0005361
1496	0005052
40214	0008171
142586	0005148
69824	0005260
113287	0023305
625	0005960
36835	0005101
28447	0005515
1282	0013730
1501332	0010030
41200	0013433
39778	0005441
1262	0005316
68766	0007147
28449	D009066
40518	0043839
1306	0009688
46124	0007803
1318	0005515
177412	0009061
1282	0005130
56142	0008226
121428	0005884
1306	0011122
1591	0850098
1130798	0007191
28111	0005155
1328	0005155
35783	0018301
29581	0005884
40519	0005180
40519	0005044
885	0005488
28447	0005180
1579	0002234
28118	0005302
218	0004950
29523	0006710
1773	0006052
1351	0013433
301301	0006052
1766	0007254
41200	0005083
42895	0005406
35783	0005252
1379	0006858
853	0005011
820	0015356
46503	0005180
41200	0001751
84112	0007191
228603	D006209
68766	0002358
1306	0007883
851	D012907
228604	0005276
454155	0005302
853	0005300
817	0000594
28449	0005002
1833	0007915
59823	0005260
876	0005260
1624	0005148
885	0100459
1270	0005002
1591	0005701
28130	0002234
2173	0005351
208479	0005011
158	0011122
2130	0002234
820	0005052
59823	0004982
43769	0024352
29317	D012907
61592	0005884
29523	0008867
501571	0005101
165179	0002679
479	0005002
39496	0005180
1282	0700217
746128	0003472
442	0005265
1019	0005076
175642	0005276
229037	0006608
43675	0006858
1596	0005161
729	0005546
817	0005178
837	0004631
204516	0005011
981222	0005258
860	0005575
301302	0005011
39486	0005101
35783	0021722
853	0009061
1624	0013433
1655	0005148
292800	0005306
33033	0006858
1591	0005180
135083	0005076
59823	0000771
1328	0044926
39496	0005364
1591	0018229
40518	0004980
29317	0004979
5476	0024388
341027	0001187
309788	0008171
84112	0005301
1747	0006559
1280	0043839
166486	0004976
68892	0013433
29317	0004980
143361	0002635
1498	0005130
1304	D006209
853	D000073496
454154	0007699
59823	0043797
246787	0005149
47671	0008226
539	0005002
1305	0005276
59823	0005249
1591	0005364
1532	0005101
2124	0005076
78258	0005276
84163	0005276
52227	0006031
885	0005011
471	0005076
29523	0005406
1382	0015356
363192	0005076
210	0011122
29387	0006491
218538	0005276
29523	0005101
1262	0100290
216816	0005130
820	0000594
44737	0004631
2702	0006624
329	0007254
68766	0007915
239935	0005083
1506	0000771
2020	0006858
823	0008171
1591	0016264
1613	0005180
28117	0000702
39497	0005406
2702	0005011
1383	D009066
68766	0003232
1255	0006031
40543	0002234
59823	0012268
1351	0002234
625	0000527
56142	0005076
44749	0005260
410072	0001751
35783	0005010
53419	D009066
2173	0005180
41200	0016264
820	0005178
35783	0043519
1633	0005276
979627	0010030
35783	0015356
68766	0003004
729	0018353
41978	0005705
39485	0005575
301302	0005147
1306	0019100
35783	0015254
625	0008219
1591	0000922
1262	0005148
68766	0009831
1255125	0005276
1302	0006723
1409	0018309
41200	0011122
384638	0005011
29466	0005011
35833	0005575
28133	0011122
29317	D055948
1306	0007254
165179	0005575
29391	0001039
33038	D012135
1306	0002635
1506	0005252
309120	0005316
290055	0005011
72	0018353
47671	0005276
1591	0011438
1309	0015356
820	0005302
28901	0007254
1583331	0005276
41978	0013433
1264	0100290
187326	0010030
29523	0008171
1869337	0005011
1328	0018076
310298	0000594
1624	0005180
41978	0000702
821	0011122
1535	0005101
29523	0010726
172042	0002635
1680	0005011
68766	0001444
216816	0005258
76631	D012907
853	D016031
1161902	D012907
41200	0011438
457830	0009061
885	0011565
916	0009061
181966	0020283
227943	0006644
29387	0009061
28111	0007191
166	0003085
1099853	0005101
651822	0005076
851	0004631
59823	0002009
29523	0007256
1261	0005575
29317	0005301
29466	0009061
39950	0002635
853	0000594
2026720	0005052
1308	0005260
573	0005002
39498	0008226
28037	0005101
1306	0005002
29523	0002268
2097	0005993
28123	0005575
2108	0005076
203	0043923
29317	0004631
202952	0008226
827	0006604
853	D009765
1265	0005011
28132	0002909
1306	0008867
35783	0001711
218538	0005011
1869337	0005264
1506	0012727
333367	0005277
231049	0007254
505	D009066
216816	0006052
169435	0009061
29387	0008383
47671	0005076
44737	0009061
1288	0006031
1680	0009061
310298	0005302
74426	0002406
454154	D014607
53419	0044926
291644	0011122
837	0015356
1305	0006723
1282	0004980
43768	0005276
1591	0005130
1506	0002009
649756	0005301
84112	D000073496
39778	0013433
29387	0005010
165179	0005260
28131	0006665
29523	0001673
84112	0008383
28124	0013662
616	0015183
29387	0043519
76775	0024343
432100	0005052
239935	0011122
2108	0006624
46206	0005575
59823	0015254
1502	0005260
1532	0006039
44737	0008383
29389	0013433
338188	0005148
239935	0024388
35783	0004790
33011	0024343
68766	0013680
1747	0005340
29523	0006039
1633	0005300
59823	0005441
1506	0008383
853	0005302
562	0024388
29387	0005052
818	0015356
1531	0005258
410072	0011122
42374	0005180
33038	0043839
411567	0005147
454154	0007803
419005	0005701
735	0043923
1318	0005155
38284	0009061
2047	0005083
1306	0005406
425941	0010030
1306	0005101
199	0006858
69823	0005076
1311	0002406
885	0003232
41978	0004985
28116	0008171
29523	0005260
33039	0005180
901	0005109
885	0005265
1506	0015356
2702	0005316
39496	0005258
142586	0005812
840	0005148
47715	0005148
29317	0005300
662858	0008226
1623	0005148
29523	0020283
41978	0005364
1338	0005318
853	0100290
1018	0011122
341694	D006209
109790	D037841
856	0005649
28449	0005076
39491	0005575
1869337	0005960
218538	0005147
28112	D009066
147802	0011122
33033	0002635
823	0005011
363265	0005109
40519	0005109
28124	0005130
1306	0015517
53374	0006624
203	0005161
1591	0005258
29833	0005515
4841	0005276
484	D012907
161879	0005083
350811	0005276
443882	0005011
59823	D006209
1306	0010030
28124	0002635
109790	0002345
59823	0004950
29317	0005298
157687	D012907
40518	0009061
1328	0006624
328814	0005311
29523	0000771
1304	0006858
479	0001356
28135	0005276
419005	0002234
301302	0008903
46503	0005546
1591	0005155
29317	0009061
1660	0005515
1505	0005260
218	0024388
1535	0006039
33038	0002691
142586	0007027
28111	0005011
84135	0005147
1328	0005011
41200	0006710
1409	0005258
387661	0004790
1303	0005276
2108	0002358
29523	0021187
208479	0005277
28132	0005515
76122	0006665
202952	0005076
1907210	0005079
61171	0008757
1869337	0003232
43769	0005002
1591	0005100
885	0001505
154046	0005546
1591	0006052
101483	0005052
59823	0008487
28037	0005276
1535	0005260
1506	0004950
42895	0005147
625	0005044
626932	0005260
29317	0008383
310297	0004980
41978	0011438
29523	0006608
201291	0024388
41200	0005002
35783	0005148
649756	0009061
180282	0004822
59823	0004790
851	0015356
1383	0005276
1591	0005109
1306	0007256
1308	0005147
41200	0008867
1305	0007915
128785	0005884
1506	D014607
39777	0005090
1492	0005148
76122	D009066
76631	0005076
545	0007079
301301	0009061
1869337	0009831
77095	0005011
1522	0001942
853	0013433
102148	0005076
47293	D017698
1596	0005276
1363	0010385
35783	0015183
1309	0005148
29317	0015356
33038	0005149
1591	0005344
625	0024388
625	0001187
42895	0005313
214856	0005149
43675	0006052
1656	0005148
292800	0005011
384636	0001942
1358	0007079
35783	0013433
29466	0005302
33033	D037841
5476	0007079
154	0005258
29317	0005052
1506	0004790
216816	D055948
327575	0011122
562	0007254
43675	0005109
51123	D012907
166	0002635
1313	0005249
1869337	0001505
1502	0005147
729	0008383
1506	0004375
33011	0011438
470565	0018076
242750	0006858
1306	0005276
1591	D012907
28112	D012907
571	D009066
39950	0005575
114702	0010030
662858	0005076
89014	0011122
40543	0002974
1306	0005649
33038	0015075
1351	0005344
1624	0005155
41200	0005101
851	0005316
40518	0005388
2039	0005109
1869337	0008903
467210	0005002
229037	0015183
199	0013662
1681	0011122
1532	0005147
1632	0005090
1318	0018076
142586	0005546
43675	0044926
1735	0008171
341027	0005575
46503	0005149
470565	0007191
409	0007254
29523	0005147
45972	0005130
1280	0008383
1382	0005515
837	0002909
1502	0005313
29317	0005316
29523	0002009
82135	0005316
41978	0011962
42895	0003232
901	D055948
850	0009688
4950	0005180
1306	0005260
28136	0008310
146827	0005083
29523	0010518
729	0005052
1591	0004979
59823	D000026
1597	D009066
1432052	0005546
172044	0004980
1232605	0005515
43675	D012907
851	0001039
218	0005130
1591	0004980
68766	0011122
1591	0003781
1306	0020283
39488	0007699
885	0000702
59823	0005148
505	0005276
29466	0002909
29523	0004975
59823	0002508
76631	0007147
1659	0005148
508451	0002974
203	0044926
1282	0009061
39491	0005252
139132	0005276
1596	0006624
68766	0001187
41978	0011849
1196441	0005276
28112	0008226
33035	0005090
33033	D012907
29391	0011122
573	0005076
871665	0005260
360807	0005011
28126	0006052
28118	0005155
1017	0005515
46506	0004979
59823	0015183
885	0044937
853	0002234
2702	D007234
46506	0004980
41200	0004967
860	0000527
329854	0005260
29523	0005960
29523	0043459
28111	0005388
28124	D012907
33007	0006624
74426	0005149
1747	0005083
41200	0010726
4841	0005311
76631	0002358
35783	0005180
29387	0013433
1547	0005011
626940	0008757
39486	0005265
187101	0005316
102148	0005311
43675	0004980
166	D037841
1591	0024647
36834	0005011
41978	0006710
41200	D003085
28131	0005276
29466	0013433
29394	0024355
301301	0000594
51160	0005076
28129	D009066
142586	0004979
39488	0005010
292	0005076
1262	D009066
29466	0000702
33033	0005575
74426	0007191
41200	0007256
33035	0005095
142586	0004980
158847	0009688
1309	0005180
1306	0005318
1512	D055948
41978	0005155
1262	0005258
479	0005441
165179	0004950
2718	0011122
853	0009688
727	0005249
216816	0005011
83683	0002234
33010	0005076
29523	0003232
1303	0005147
1591	0015075
61592	0005130
29387	0024343
140626	0005575
29523	0005265
68766	0013662
39485	0008487
52227	0002635
28037	0005147
287	0005052
1869337	0005083
285729	D012907
45634	0001039
1306	0012268
1582	0005276
1318	0005076
1869337	0044937
229037	0005180
1599	0005002
147802	0002974
147802	D037841
729	0005178
28116	0005147
33038	0005300
2026720	0002234
1292	0007915
1160721	0008487
56142	0005083
28132	0006665
86664	0005884
1898203	0005155
41200	0001673
45547	0005515
261299	0000594
360807	0011565
647	0005148
39778	D009066
29388	0005076
823	0008903
1302	0006858
1282	0005340
29523	0004950
837	0005515
29523	0004981
28131	0005076
28133	0005276
165179	0004790
142586	0007191
147802	0002345
27288	0005011
39491	0008383
41978	0005146
1591	0005301
1660	D009066
860	0005148
46124	D012907
1262	0005109
41200	0006039
165179	0004375
1343	0015356
1623	0002406
41200	0002465
1613	0005276
29387	0004785
39491	0005010
29523	0006031
142586	D055948
43675	0004844
35783	0011438
2702	0002234
29523	0001444
39778	0005155
33038	0009061
29466	0005515
40519	0005011
732	0005373
35783	0018585
626932	0007915
5207	0005276
41978	0005406
28135	0007915
837	0002234
41978	0005101
76775	0005109
467971	0005276
46506	0005301
739	0005318
40216	0007254
1409	0005301
41200	0005260
47770	D037841
59823	0005180
59823	0005044
28112	0005076
29387	0018229
123834	0005318
1306	0005147
29387	0002234
156456	0005276
39778	0006052
1624	0007191
44737	0005515
5098	0024388
239935	0005575
1591	0006491
68766	0007254
827	0005180
1306	0002009
1019	0011122
1600	0002234
29523	0008903
651822	0005083
562	0005575
47770	0002345
821	0005260
59823	0022103
154288	0005101
1291540	D014607
29523	0000527
227476	0005884
33035	0019100
52226	0006052
425941	0015356
1689	0005180
5210	0024343
1262	D012907
820	0005155
68892	0007191
28116	0007915
59823	0024388
39496	0005011
1520	0005148
33038	0005010
1623	0007027
706562	0005301
135083	0011122
1306	0004975
1591	0006624
2173	0005301
1506	0005180
310297	0005010
59823	0011888
84024	0018109
40543	0005076
1506	0018229
484	0015356
239935	0005149
46124	0018076
1306	0800029
1506	0004976
338188	0005155
729	0005148
28132	0005109
616	0005109
1591	0005011
409	0005575
1496	0005101
487173	0005344
39778	0044926
59823	0018309
1531	0009061
68766	0005081
29466	0005090
35783	0005130
41978	0008171
1303	0004950
357276	0004790
1338	0005148
84031	0008171
33038	0005052
1591	0005300
68892	0004844
1579	0005147
293	0002635
649756	0013433
41978	0010726
384638	0011122
29523	0013680
41978	0008226
310297	0005052
165179	0005148
44737	0011888
76122	0005076
28026	0005090
589437	0018353
142586	0018301
28132	0044926
1869337	0011122
28136	0005260
1680	0005090
33043	0005011
218	0004979
286119	0008226
41978	0007256
726	0005276
1262	0008226
573	0007915
1591	0005298
1869337	0005062
1409	0005300
29387	0011438
817	0004967
1512	0009061
212365	0009061
166486	0012727
239935	0005260
82135	0005701
5478	0005011
1613	0005011
41978	0005027
41200	0002412
562	0005260
1591	0005264
228603	0018353
1591	0850230
1613	0005300
1018	0005276
47671	0006858
871665	0007915
310298	0006052
28117	0005260
536633	0005180
821	0012268
29317	0005515
428712	0001187
61592	D012907
1308	0006858
51160	0007915
68892	0005076
282125	0005701
63822	0005052
172044	0008383
41200	0007147
1265	0011122
1409	0009061
47678	0005178
853	0005155
33038	0000594
1306	D006209
28125	D037841
35783	0005258
29918	0005052
1278232	0008903
1306	0004950
39492	0005090
29523	0044937
36645	0005083
885	0858950
1409	0016064
158847	0006052
5599	0005515
52768	0005148
74426	0005010
37637	0006031
1309	D009066
1685	0006644
166	0004631
177972	0044926
310297	0008487
239935	0021187
35783	0005155
1306	0006031
47678	0005302
35783	0005306
1306	0001444
562	0043797
41200	0005147
46124	0005076
1624	0005300
41200	0011565
1512	0005052
59823	0005130
90245	0006624
59823	0005812
1304	0005575
41200	0002009
29347	0005260
820	0004967
42895	0005044
39491	0100290
1306	0001505
1328	0005515
1591	0005052
292800	0001751
29317	0011888
28132	0018076
74426	0005052
470565	0001039
199	0007191
1280	0024352
42322	0001942
851	0043923
214856	0004375
43768	0006858
303	0002234
821	0005147
884684	0002345
5478	0006781
35519	D012907
41978	0020283
502393	0002234
47671	0011122
33038	0005302
41200	0004975
28134	0010030
817	0005488
1869337	0005312
39777	0005276
55194	0005083
729	0010150
39491	0001942
52226	0007191
1318	0001039
46506	0005052
103892	0005318
1655	0005300
1328	0002234
216816	0100290
290054	0005260
187101	0002234
35783	0043839
853	0005101
5482	0005109
1306	0005231
59823	0007027
4932	0005180
1735	0005265
165179	0005180
41200	0005960
59823	0015597
820	0002268
39491	0005148
1591	0005388
40542	0006858
286119	0005076
28129	0005076
739	D006209
1262	0005076
1591	0005316
1591	D016031
33038	0100290
2047	0005276
821	0021055
38313	0005148
160404	0005011
40214	0002406
39496	0003004
1869337	0011849
142586	0005052
28132	0005276
1496	0005260
68766	0005575
1624	0005311
66228	0001187
550	0006781
625	0004982
1351	0005404
76860	0011122
210	0004950
187979	0005109
29317	0019087
41200	0007915
59823	0005258
28133	0007915
1282	0012105
33038	0001942
29391	0005575
5541	0024388
166486	0000594
446660	0013433
28111	0011122
1328	0011122
204516	0005101
128785	0002406
729	0043923
28112	0001039
1596	D007234
55194	0005515
33035	0005575
1264	0005260
237576	0007191
1379	0001039
1591	0009831
44737	D009066
41200	0005265
1305	0005130
29523	0004976
29387	0005002
29466	0005155
35783	0002691
142586	0005388
386414	0002234
1262	0005011
1311	0005316
39488	0005180
376804	0008171
45634	0001187
204	0008226
33039	0005300
1306	D000026
502	D009066
59823	0005100
1313	0024352
488	0011122
316	0004950
1660	0005076
59823	0006052
821	0005265
35783	0004979
817	0005011
718247	0020283
625	0043797
29523	0024388
29523	0001187
2173	0005316
1306	0005148
328813	0005260
28025	0005180
853	0018170
852	0005575
44737	0005155
2702	0002974
29322	0002234
55565	0007191
1306	0002508
1303	0006858
885	0005101
35783	0003781
156976	0006624
35783	0004980
41200	0004981
28134	0005276
216816	D007234
82135	0005161
562	0005313
33033	0005373
29387	0005109
291484	0005011
44737	0005002
53443	0005277
1591	0005302
33038	0013433
28037	0006858
39488	0005364
357276	0005180
1506	0005306
29361	0005260
626940	0004790
2702	0005101
28052	0005575
33039	0007699
651822	0002635
511435	0005180
1506	0005100
169388	0020283
626933	0007915
166	0015356
28136	0007915
39778	0005011
1681	0000771
41200	0001505
1306	0005351
44737	0005109
1891238	0005044
1402	0005265
626932	0005044
1398	0005011
74426	0100290
41978	0005147
229037	0004979
4841	0011122
1506	0005109
1491	0005148
47770	0021722
1308	0005130
225324	0006858
41200	0008903
44737	0005344
28132	0005011
47671	0002635
885	0007079
454154	0007191
4841	0024388
228654	0005011
1262	0002358
59823	D012907
103621	0006858
1506	0005344
1869337	0005406
616	0005300
46506	0100290
1171599	0020283
1280	0021201
41200	0001517
820	0005011
853	0006039
1351	0008903
853	0005202
156979	0006624
39778	0009061
28118	0007915
72	0005130
1280	0013730
246787	0005306
1501329	D012907
35783	0016573
359408	0005884
483	0005109
166486	0005148
821	0001517
1502	0002406
58621	0005260
1907210	0005441
29523	0005312
853	0005260
461393	D009066
41978	0005404
885	0005575
59823	0004979
41200	0004425
294	0002635
40215	0018109
837	0008226
1596	0005090
29317	0005155
29387	0004967
59823	0004980
88431	0008757
216816	0002234
41978	0002775
480	0003781
29317	0005306
387661	0005149
1404	0005180
208479	0005260
29317	0005002
1270	0002406
68766	0005252
29466	0008171
204	0005076
310297	0005180
625	0004975
1869337	0007079
165179	0006665
360807	0000088
29466	0008226
29523	0005812
625	0008383
1869337	0008171
1633	D037841
46124	0009831
89919	0005083
113107	0008226
1306	0005044
479	0005812
204516	0005260
301302	0005260
35783	0002203
461876	0005090
41978	0003232
228604	0018353
33033	0005148
625	0005010
1506	0004980
216816	0005090
328814	0005101
28112	0005083
41978	0005265
1591	0005083
239935	0007803
39488	0005812
41200	0005779
44737	0008226
301301	0005155
1720294	0005546
1502	0005081
100886	0005109
573	0011122
820	0005147
1869337	0007256
203	0002909
59823	0007191
729	0005155
29317	0005344
1409	0100190
1501332	D012907
135083	0005276
43675	0013433
1869337	0005575
181675	0005011
851	0005101
1306	0001187
106588	0005011
40518	0005101
860	D012907
41200	0044937
41978	0004981
36841	0005148
59823	D055948
1304	0015356
35833	0005155
423477	D012907
161879	0006849
885	0005260
59823	0015075
35783	0006624
729	0006052
626937	0005180
29317	0100193
1689	0007191
39485	0006052
1262	0009831
310297	0005338
69710	D009066
239935	0019086
35783	0005011
29466	0005276
1506	0007191
729	0005109
714	0005148
1470350	0005180
1492	0005011
35783	0005300
341027	0005180
5476	0005180
1591	0005515
818	0005276
29363	0005148
41978	0001505
5482	0005011
1379	0005515
419015	0002234
1599	0006031
229037	0018301
495	D012907
59823	0019167
218538	0005575
29317	0020782
363265	0009688
1583331	0010030
1309	0005011
209880	0005109
44737	0005276
68766	0008383
860	0018353
59823	0005301
467210	0005148
625	0004950
1790137	0005180
333297	0005884
287	D009066
301301	0005101
1309	0005300
729	0044926
39778	0001039
165179	0005546
1107316	0008383
59823	0004631
837	0005076
1303	0002635
1382	0005311
820	0007915
1306	0013662
1328	0005101
51498	0009061
1522	0005300
851	0008226
328813	0007915
1591	0002234
239935	0005148
1535	0007027
35783	0009061
39488	0005155
59823	0002203
41978	0005231
165179	0044926
76631	0005081
68766	0015254
384636	0005011
824	0005148
43675	0005515
28131	0011122
562	0005148
853	0005311
43769	0024355
102148	0005081
77917	0005515
39496	0005090
616	D009765
28132	0001039
1869337	0004982
76631	0005002
2047	D006209
68766	0005441
853	0005147
33039	0100290
29466	0005076
853	0011565
1409	0018229
1506	0005301
287	0005002
1537	0005130
425941	0005130
53419	0019100
1512	0005090
1304	0000594
1591	0005361
1306	0005312
59823	0018301
121611	0024388
1747	0006608
860	0007191
1591	0005090
88431	0005252
1512	0011122
29523	0043839
29523	0005546
486	0008226
1591	0009688
1869337	0023305
44737	0005076
1613	0002234
2702	0005047
35783	0006781
28112	0011122
1591	0011122
562	0002269
29387	0006624
10566	0005148
1308	0008757
46228	0005260
33953	0005260
41200	0005044
1265	0005260
1591	0005062
218538	0005260
292800	0005101
1313	0005002
39778	0008903
1686	0009061
29387	0005011
1306	0005812
1624	0006644
39491	0005258
467210	0006858
2108	0005276
727	0013730
856	0005101
84135	0007191
69222	0007915
1591	0007883
142586	0005364
853	0005404
1338	0018353
823	0008757
1313	0006052
729	0008226
1343	0005155
851	0004844
59823	0005300
299767	0002691
68766	0004950
39492	0005260
851	0005649
1308	0005149
29523	0007079
39486	0005575
1613	0005090
35783	0005052
41200	0024388
41200	0001187
172042	0005130
821	0004976
41978	0005779
39491	0005155
328814	0005260
29317	0005276
1280	0004980
1544	0005101
1280	0003781
69823	0005575
28125	0005316
1591	0019087
1681	0004790
438033	0005010
44737	0005011
68766	0006031
40520	0005575
1343	0006052
5482	0005052
202789	0001187
1305	0004631
28127	0005701
142586	0009688
67824	0005575
301302	0008383
5537	0005178
1306	D012135
853	0007915
158836	0005260
28137	D009066
1506	0005011
41200	0005095
39491	0006052
41978	0005083
1409	0011438
1623	0004790
51160	0002635
305719	0002635
41958	0020283
59823	0007699
1590	0005148
158	0002635
5599	0005276
1532	0005575
1506	0005300
59823	0009061
729	0007191
33069	0005133
573	0005081
216816	0005155
625	0001942
157687	D009066
29523	0005575
853	0005265
335854	0005276
29361	0007803
454154	0005388
35783	D016031
1262	0005083
1747	0006604
203	0011122
201571	0005575
