81	19	1
249	27	1
32	0	1
214	10	2
111	29	2
249	18	1
116	7	2
245	7	2
261	18	1
249	29	2
124	31	1
245	9	1
106	9	1
85	29	2
116	24	1
28	28	1
101	10	2
106	10	2
247	9	1
61	10	2
244	18	1
11	10	2
162	19	1
143	29	2
124	15	1
247	10	2
250	29	2
76	17	1
250	7	2
244	7	2
245	19	1
47	7	2
28	29	2
124	26	1
219	29	2
124	17	1
161	10	2
79	29	2
39	18	1
46	10	2
124	23	1
112	9	1
50	26	2
160	5	1
76	9	1
118	7	2
50	17	1
170	10	2
136	7	2
101	28	1
135	5	1
124	7	1
77	18	1
214	29	2
29	29	2
118	10	2
21	10	2
244	3	1
259	28	1
124	35	1
241	19	1
27	7	2
47	19	1
124	24	1
119	18	1
123	24	1
259	33	2
27	24	1
111	7	2
50	9	1
134	19	1
124	21	1
244	26	2
39	19	1
259	18	1
161	28	1
50	10	2
249	7	2
143	33	2
255	7	2
259	29	2
121	3	1
74	17	1
124	19	1
245	10	2
39	15	1
42	29	2
10	27	1
23	9	1
219	8	1
135	28	1
151	29	2
111	19	1
161	29	2
251	5	1
244	24	1
249	19	1
74	9	1
81	29	2
160	29	2
259	19	1
158	5	1
77	26	2
47	10	2
134	7	2
192	24	1
39	7	1
124	16	1
135	29	2
134	9	1
182	7	2
21	29	2
143	19	1
39	24	1
82	9	1
39	10	1
214	7	2
123	29	2
28	19	1
29	9	1
259	17	1
219	19	1
124	10	1
11	8	1
214	22	1
160	19	1
124	0	1
24	17	1
247	23	1
61	18	1
251	28	1
245	29	2
124	2	1
106	29	2
199	10	2
101	9	1
245	5	1
32	19	1
227	19	1
77	21	1
50	2	1
247	7	2
214	19	1
158	17	1
124	34	1
160	26	2
77	19	1
160	17	1
259	10	2
77	38	1
21	26	2
71	9	1
135	17	1
47	29	2
124	28	1
106	19	1
20	33	2
61	19	1
81	7	2
214	17	1
158	9	1
59	7	2
118	18	1
247	19	1
50	28	1
124	27	1
135	7	2
124	18	1
266	9	1
160	10	2
257	26	2
50	8	1
135	9	1
124	29	1
245	33	2
135	10	2
111	27	1
50	18	1
106	23	1
124	5	1
247	26	2
90	28	1
123	9	1
248	38	1
214	24	1
39	2	1
247	17	1
21	37	1
69	10	1
243	14	1
46	35	1
170	11	1
15	33	1
97	37	1
264	30	1
265	33	1
90	11	1
80	13	1
70	29	1
107	7	1
225	14	1
208	31	1
246	10	1
149	33	1
139	14	1
12	35	1
75	10	1
169	29	1
46	11	1
249	36	1
95	35	1
181	14	1
167	13	1
209	36	1
86	29	1
55	6	1
12	11	1
180	13	1
40	11	1
154	29	1
107	37	1
248	35	1
108	31	1
135	26	1
33	7	1
19	10	1
85	26	1
1	33	1
183	11	1
76	7	1
36	35	1
266	30	1
71	31	1
248	11	1
34	26	1
245	30	1
32	33	1
49	26	1
60	13	1
207	35	1
120	31	1
262	32	1
33	37	1
262	12	1
168	26	1
132	7	1
178	10	1
70	35	1
141	6	1
83	13	1
207	11	1
247	29	1
176	36	1
76	37	1
186	11	1
214	33	1
99	6	1
77	32	1
169	35	1
94	14	1
77	12	1
47	37	1
270	29	1
3	26	1
179	31	1
269	30	1
128	13	1
62	36	1
229	35	1
14	12	1
163	29	1
117	12	1
244	30	1
210	7	1
86	35	1
132	37	1
28	7	1
74	31	1
232	26	1
237	36	1
31	36	1
30	6	1
169	11	1
224	6	1
215	26	1
245	10	2
20	32	1
229	11	1
20	12	1
203	29	1
53	7	1
223	32	1
91	6	1
257	32	1
268	6	1
223	12	1
257	12	1
108	26	1
86	11	1
43	7	1
100	7	1
65	26	1
153	6	1
111	6	1
210	37	1
206	26	1
92	31	1
28	37	1
165	31	1
249	14	1
119	12	1
53	37	1
209	14	1
120	26	1
55	10	1
161	26	1
173	6	1
177	36	1
43	37	1
188	32	1
247	35	1
188	12	1
235	29	1
270	35	1
250	31	1
172	32	1
105	29	1
174	32	1
172	12	1
253	32	1
163	35	1
142	6	1
174	12	1
253	12	1
179	26	1
247	11	1
127	29	1
69	7	1
146	36	1
145	36	1
18	13	1
22	13	1
270	11	1
102	29	1
254	29	1
112	7	1
66	7	1
106	31	1
203	35	1
163	11	1
138	32	1
238	37	1
44	7	1
138	12	1
267	10	1
26	30	1
170	36	1
111	30	1
141	10	1
104	6	1
85	13	1
252	30	1
99	10	1
234	29	1
62	14	1
59	6	1
265	31	1
5	35	1
112	37	1
92	26	1
66	37	1
125	37	1
149	31	1
237	14	1
31	14	1
44	37	1
30	10	1
61	10	2
224	10	1
181	7	1
243	37	1
5	11	1
12	36	1
46	6	1
91	10	1
226	12	1
268	10	1
144	32	1
230	33	1
105	35	1
11	13	1
95	36	1
139	37	1
143	7	1
153	10	1
79	6	1
127	35	1
40	6	1
189	26	1
259	32	1
216	13	1
102	35	1
181	37	1
123	29	2
217	36	1
254	35	1
248	36	1
259	12	1
57	29	1
105	11	1
244	33	1
200	13	1
232	13	1
118	33	1
215	13	1
106	26	1
177	14	1
183	6	1
88	26	1
173	10	1
36	36	1
52	13	1
234	35	1
207	36	1
65	13	1
94	7	1
142	10	1
147	7	1
146	14	1
214	31	1
145	14	1
42	26	1
1	32	1
234	11	1
70	36	1
1	12	1
155	35	1
186	6	1
136	30	1
126	31	1
51	13	1
32	32	1
114	36	1
161	13	1
48	33	1
241	32	1
93	6	1
110	26	1
241	12	1
94	37	1
104	10	1
155	11	1
147	37	1
194	11	1
37	12	1
192	29	1
123	35	1
59	10	1
154	36	1
229	6	1
190	33	1
4	33	1
159	29	1
251	32	1
209	7	1
251	12	1
84	36	1
221	29	1
123	11	1
12	14	1
175	31	1
260	36	1
219	26	1
46	10	2
239	36	1
201	29	1
95	14	1
195	6	1
158	12	1
79	10	1
249	37	1
0	29	1
264	31	1
40	10	1
217	14	1
248	14	1
63	13	1
209	37	1
171	29	1
267	7	1
68	29	1
270	36	1
126	26	1
183	10	1
87	30	1
36	14	1
163	36	1
38	32	1
271	6	1
38	12	1
176	7	1
207	14	1
27	29	1
203	36	1
61	7	1
62	7	1
130	32	1
189	13	1
246	26	1
130	12	1
70	14	1
75	26	1
221	35	1
186	10	1
266	31	1
237	7	1
31	7	1
114	14	1
233	36	1
201	35	1
88	13	1
54	30	1
176	37	1
21	32	1
151	6	1
93	10	1
21	12	1
62	37	1
97	12	1
19	26	1
154	14	1
201	11	1
5	6	1
171	35	1
229	10	1
235	36	1
68	35	1
237	37	1
31	37	1
269	31	1
84	14	1
258	33	1
260	14	1
244	31	1
127	36	1
239	14	1
171	11	1
177	7	1
110	13	1
102	36	1
254	36	1
178	26	1
184	13	1
231	36	1
195	10	1
16	30	1
199	30	1
230	32	1
270	14	1
20	29	1
177	37	1
100	13	1
223	29	1
257	29	1
163	14	1
219	13	1
33	12	1
24	30	1
118	32	1
245	26	1
98	33	1
247	10	2
271	10	1
76	32	1
203	14	1
146	37	1
76	12	1
145	37	1
2	6	1
90	7	1
47	32	1
262	35	1
47	12	1
72	30	1
155	6	1
188	29	1
194	6	1
233	14	1
132	12	1
262	11	1
170	37	1
77	35	1
12	7	1
123	36	1
151	10	1
55	26	1
187	33	1
69	13	1
57	36	1
172	29	1
174	29	1
253	29	1
101	33	1
115	29	1
95	7	1
26	31	1
77	11	1
204	30	1
235	14	1
210	32	1
111	31	1
5	10	1
134	6	1
246	13	1
210	12	1
20	35	1
252	31	1
75	13	1
50	30	1
217	7	1
28	12	1
81	6	1
248	7	1
45	6	1
223	35	1
257	35	1
190	32	1
116	36	1
12	37	1
4	32	1
127	14	1
53	12	1
156	33	1
95	37	1
20	11	1
43	32	1
36	7	1
102	14	1
254	14	1
43	12	1
162	33	1
223	11	1
257	11	1
105	10	1
231	14	1
19	13	1
141	26	1
207	7	1
217	37	1
248	37	1
240	6	1
211	36	1
188	35	1
198	30	1
70	7	1
119	11	1
137	33	1
56	29	1
192	36	1
220	14	1
36	37	1
143	13	1
169	7	1
144	29	1
30	26	1
172	35	1
224	26	1
238	32	1
174	35	1
253	35	1
159	36	1
238	12	1
207	37	1
188	11	1
234	10	1
91	26	1
178	13	1
8	6	1
268	26	1
86	7	1
221	36	1
2	10	1
259	29	2
81	30	1
172	11	1
70	37	1
122	30	1
153	26	1
174	11	1
253	11	1
201	36	1
111	26	1
138	35	1
218	30	1
125	32	1
252	26	1
112	12	1
205	36	1
66	12	1
125	12	1
155	10	1
194	10	1
0	36	1
243	32	1
123	14	1
182	30	1
57	14	1
243	12	1
263	6	1
193	33	1
171	36	1
138	11	1
86	37	1
136	31	1
68	36	1
173	26	1
225	32	1
154	37	1
225	12	1
139	32	1
139	12	1
113	6	1
1	29	1
134	10	1
17	30	1
56	35	1
247	7	2
181	32	1
45	10	1
116	14	1
32	29	1
84	37	1
181	12	1
260	37	1
144	35	1
27	36	1
239	37	1
270	7	1
163	7	1
8	30	1
55	13	1
258	32	1
259	35	1
144	11	1
104	26	1
203	7	1
270	37	1
211	14	1
240	10	1
133	30	1
89	30	1
259	11	1
192	14	1
163	37	1
41	30	1
159	14	1
5	7	1
136	26	1
203	37	1
267	13	1
221	14	1
87	31	1
1	35	1
94	12	1
99	13	1
262	6	1
201	14	1
148	33	1
79	26	1
32	35	1
205	14	1
241	35	1
40	26	1
233	37	1
71	36	1
1	11	1
105	7	1
0	14	1
150	30	1
103	30	1
129	30	1
77	6	1
30	13	1
61	13	1
224	13	1
127	7	1
171	14	1
32	11	1
68	14	1
160	30	1
263	10	1
183	26	1
14	6	1
117	6	1
241	11	1
91	13	1
102	7	1
254	7	1
187	32	1
54	31	1
130	29	1
235	37	1
29	6	1
113	10	1
213	33	1
251	35	1
153	13	1
249	12	1
122	33	1
27	14	1
127	37	1
234	7	1
167	6	1
209	12	1
21	29	2
96	30	1
186	26	1
251	11	1
102	37	1
254	37	1
157	33	1
255	33	1
182	33	1
231	37	1
173	13	1
156	32	1
93	26	1
228	33	1
119	6	1
162	32	1
208	14	1
172	36	1
142	13	1
222	30	1
253	36	1
115	36	1
16	31	1
199	31	1
80	30	1
123	7	1
57	7	1
130	35	1
38	11	1
230	29	1
62	32	1
24	31	1
62	12	1
262	10	1
195	26	1
138	6	1
59	13	1
130	11	1
21	35	1
180	30	1
71	14	1
237	12	1
31	12	1
89	33	1
123	37	1
118	29	1
57	37	1
90	13	1
72	31	1
77	10	1
14	10	1
21	11	1
46	13	1
117	10	1
56	36	1
271	26	1
47	29	2
193	32	1
144	36	1
193	12	1
29	10	1
64	30	1
60	30	1
79	13	1
15	36	1
116	37	1
226	6	1
40	13	1
265	36	1
16	26	1
204	31	1
202	6	1
25	6	1
167	10	1
192	7	1
177	32	1
83	30	1
149	36	1
177	12	1
74	14	1
150	33	1
50	31	1
129	33	1
230	35	1
183	13	1
159	7	1
128	30	1
151	26	1
119	10	1
221	7	1
24	26	1
146	32	1
145	32	1
146	12	1
145	12	1
190	29	1
253	14	1
201	7	1
18	6	1
192	37	1
115	14	1
4	29	1
188	10	1
118	35	1
23	30	1
164	33	1
1	36	1
159	37	1
186	13	1
0	7	1
76	35	1
72	26	1
198	31	1
174	10	1
171	7	1
47	35	1
32	36	1
221	37	1
68	7	1
93	13	1
201	37	1
76	11	1
169	13	1
205	37	1
47	11	1
138	10	1
229	13	1
241	6	1
0	37	1
148	32	1
222	33	1
214	36	1
122	31	1
27	7	2
238	29	1
171	37	1
68	37	1
37	6	1
12	12	1
218	31	1
56	14	1
210	35	1
95	12	1
144	14	1
182	31	1
22	30	1
190	35	1
251	6	1
15	14	1
217	32	1
195	13	1
125	29	1
4	35	1
78	6	1
2	26	1
216	6	1
217	12	1
248	12	1
27	37	1
210	11	1
265	14	1
226	10	1
121	33	1
28	11	1
43	35	1
202	10	1
25	10	1
149	14	1
190	11	1
158	6	1
17	31	1
191	33	1
53	11	1
85	30	1
36	12	1
194	26	1
225	29	1
247	13	1
139	29	1
73	33	1
43	11	1
157	32	1
271	13	1
207	12	1
228	32	1
64	33	1
70	32	1
18	10	1
70	12	1
82	6	1
134	26	1
238	35	1
38	6	1
152	33	1
114	32	1
51	6	1
81	26	1
45	26	1
114	12	1
227	33	1
258	29	1
133	31	1
11	30	1
83	33	1
89	31	1
32	14	1
67	33	1
238	11	1
151	13	1
20	7	1
41	31	1
223	7	1
154	32	1
257	7	1
125	35	1
154	12	1
200	30	1
232	30	1
215	30	1
71	37	1
243	35	1
5	13	1
214	14	1
241	10	1
240	26	1
84	32	1
125	11	1
260	32	1
23	33	1
97	6	1
84	12	1
52	30	1
239	32	1
260	12	1
225	35	1
37	10	1
239	12	1
17	26	1
139	35	1
65	30	1
257	37	1
98	29	1
243	11	1
150	31	1
103	31	1
206	30	1
129	31	1
188	7	1
35	33	1
105	13	1
181	35	1
160	31	1
225	11	1
8	26	1
251	10	1
139	11	1
78	10	1
216	10	1
172	7	1
161	30	1
174	7	1
253	7	1
230	36	1
115	7	1
270	12	1
107	6	1
258	35	1
181	11	1
140	33	1
158	10	1
163	12	1
109	33	1
187	29	1
263	26	1
138	7	1
96	31	1
258	11	1
203	32	1
118	36	1
234	13	1
249	29	2
101	29	1
172	37	1
203	12	1
253	37	1
115	37	1
2	13	1
33	6	1
113	26	1
82	10	1
38	10	1
233	32	1
51	10	1
233	12	1
155	13	1
135	33	1
76	6	1
222	31	1
156	29	1
194	13	1
162	29	1
56	7	1
80	31	1
63	30	1
34	33	1
235	32	1
144	7	1
132	6	1
48	36	1
235	12	1
49	33	1
134	13	1
21	10	2
168	33	1
137	29	1
45	13	1
259	7	1
97	10	1
127	12	1
187	35	1
190	36	1
56	37	1
180	31	1
254	32	1
4	36	1
102	12	1
254	12	1
210	6	1
249	35	1
144	37	1
231	32	1
28	6	1
208	33	1
3	33	1
231	12	1
189	30	1
15	37	1
187	11	1
53	6	1
265	37	1
230	14	1
262	26	1
249	11	1
149	37	1
88	30	1
43	6	1
240	13	1
64	31	1
220	32	1
60	31	1
107	10	1
249	32	1
220	12	1
156	35	1
121	32	1
1	7	1
108	33	1
162	35	1
244	14	1
193	29	1
32	7	1
118	14	1
83	31	1
14	26	1
206	33	1
156	11	1
117	26	1
80	26	1
128	31	1
29	26	1
33	10	1
120	33	1
1	37	1
110	30	1
32	37	1
57	32	1
167	26	1
76	10	1
123	12	1
184	30	1
62	35	1
152	32	1
57	12	1
69	6	1
23	31	1
47	10	2
227	32	1
263	13	1
146	29	1
112	6	1
145	29	1
66	6	1
179	33	1
48	14	1
119	26	1
132	10	1
62	11	1
44	6	1
225	36	1
214	37	1
100	30	1
35	31	1
113	13	1
116	32	1
116	12	1
219	30	1
190	14	1
193	35	1
4	14	1
210	10	1
28	10	1
181	6	1
258	36	1
92	33	1
165	33	1
193	11	1
53	10	1
211	32	1
177	35	1
148	29	1
211	12	1
192	32	1
22	31	1
43	10	1
192	12	1
130	7	1
143	6	1
69	30	1
131	12	1
159	32	1
177	11	1
159	12	1
140	32	1
146	35	1
145	35	1
250	33	1
246	30	1
21	7	1
221	12	1
85	31	1
109	32	1
75	30	1
201	12	1
98	36	1
213	29	1
130	37	1
205	32	1
146	11	1
145	11	1
34	31	1
262	13	1
205	12	1
106	33	1
0	32	1
226	26	1
0	12	1
94	6	1
147	6	1
202	26	1
25	26	1
168	31	1
171	12	1
19	30	1
157	29	1
68	12	1
77	13	1
255	29	1
228	29	1
14	13	1
112	10	1
117	13	1
11	31	1
66	10	1
42	33	1
148	35	1
3	31	1
44	10	1
29	13	1
187	36	1
114	29	1
27	32	1
230	7	1
20	13	1
200	31	1
18	26	1
101	36	1
27	12	1
22	26	1
232	31	1
223	13	1
215	31	1
178	30	1
139	10	1
217	35	1
52	31	1
95	11	1
258	14	1
118	7	2
181	10	1
209	6	1
213	35	1
65	31	1
119	13	1
156	36	1
230	37	1
208	32	1
206	31	1
208	12	1
84	29	1
217	11	1
162	36	1
260	29	1
47	7	2
239	29	1
188	13	1
143	10	1
219	33	1
241	26	1
157	35	1
161	31	1
36	11	1
118	37	1
37	26	1
228	35	1
267	6	1
174	13	1
137	36	1
11	26	1
98	14	1
114	35	1
228	11	1
71	32	1
78	26	1
70	11	1
71	12	1
216	26	1
176	6	1
126	33	1
138	13	1
55	30	1
200	26	1
61	6	1
114	11	1
94	10	1
147	10	1
62	6	1
154	35	1
190	7	1
158	26	1
4	7	1
48	37	1
52	26	1
237	6	1
31	6	1
246	33	1
84	35	1
187	14	1
154	11	1
260	35	1
193	36	1
239	35	1
233	29	1
63	31	1
101	14	1
190	37	1
226	13	1
82	26	1
175	33	1
4	37	1
74	32	1
164	29	1
38	26	1
84	11	1
202	13	1
267	30	1
74	12	1
25	13	1
260	11	1
51	26	1
141	30	1
239	11	1
99	30	1
238	7	1
156	14	1
264	33	1
209	10	1
259	13	1
177	6	1
162	14	1
115	32	1
189	31	1
115	12	1
165	32	1
30	30	1
61	30	1
224	30	1
91	30	1
125	7	1
268	30	1
97	26	1
231	29	1
88	31	1
137	14	1
153	30	1
243	7	1
250	32	1
203	11	1
233	35	1
225	7	1
42	31	1
220	29	1
139	7	1
170	6	1
266	33	1
63	26	1
121	29	1
164	35	1
176	10	1
241	13	1
245	33	2
173	30	1
90	6	1
107	26	1
233	11	1
148	36	1
191	29	1
62	10	1
235	35	1
56	32	1
37	13	1
110	31	1
56	12	1
73	29	1
225	37	1
142	30	1
144	12	1
237	10	1
184	31	1
31	10	1
258	7	1
15	32	1
15	12	1
193	14	1
12	6	1
235	11	1
265	32	1
251	13	1
265	12	1
269	33	1
78	13	1
33	26	1
149	32	1
95	6	1
152	29	1
149	12	1
231	35	1
100	31	1
213	36	1
227	29	1
127	11	1
158	13	1
219	31	1
104	30	1
217	6	1
258	37	1
248	6	1
102	11	1
254	11	1
59	30	1
231	11	1
220	35	1
116	29	1
157	36	1
177	10	1
98	7	1
255	36	1
36	6	1
121	35	1
182	36	1
132	26	1
90	30	1
228	36	1
82	13	1
207	6	1
191	35	1
38	13	1
46	30	1
220	11	1
32	12	1
145	10	1
141	33	1
69	31	1
70	6	1
79	30	1
98	37	1
211	29	1
184	26	1
28	26	1
40	30	1
169	6	1
187	7	1
214	32	1
246	31	1
57	35	1
53	26	1
75	31	1
152	35	1
170	10	2
214	12	1
249	7	2
101	7	1
227	35	1
86	6	1
21	13	1
183	30	1
148	14	1
90	10	1
140	29	1
100	26	1
91	33	1
97	13	1
268	33	1
57	11	1
109	29	1
152	11	1
227	11	1
26	33	1
116	35	1
187	37	1
19	31	1
111	33	1
205	29	1
156	7	1
252	33	1
101	37	1
12	10	1
186	30	1
162	7	1
116	11	1
95	10	1
213	14	1
93	30	1
107	13	1
135	29	2
122	14	1
247	6	1
217	10	1
218	14	1
248	10	1
211	35	1
69	26	1
156	37	1
178	31	1
137	7	1
270	6	1
192	35	1
229	30	1
157	14	1
162	37	1
150	36	1
112	26	1
129	36	1
66	26	1
255	14	1
163	6	1
182	14	1
49	29	1
36	10	1
228	14	1
159	35	1
44	26	1
211	11	1
140	35	1
33	13	1
192	11	1
207	10	1
203	6	1
109	35	1
137	37	1
245	31	1
76	13	1
159	11	1
104	33	1
140	11	1
195	30	1
70	10	1
205	35	1
47	13	1
208	29	1
164	36	1
221	11	1
0	35	1
169	10	1
193	7	1
132	13	1
205	11	1
86	10	1
0	11	1
247	30	1
143	26	1
271	30	1
136	33	1
154	10	1
108	29	1
55	31	1
68	11	1
222	36	1
89	14	1
210	13	1
105	6	1
193	37	1
27	35	1
79	33	1
28	13	1
71	29	1
127	6	1
230	12	1
53	13	1
102	6	1
146	7	1
254	6	1
145	7	1
120	29	1
27	11	1
43	13	1
269	32	1
151	30	1
220	36	1
244	32	1
94	26	1
244	12	1
147	26	1
121	36	1
208	35	1
118	12	1
234	6	1
270	10	1
150	14	1
141	31	1
179	29	1
129	14	1
5	30	1
191	36	1
99	31	1
163	10	1
208	11	1
73	36	1
74	29	1
238	13	1
203	10	1
64	36	1
148	7	1
30	31	1
224	31	1
105	30	1
87	33	1
164	14	1
91	31	1
152	36	1
71	35	1
268	31	1
48	32	1
227	36	1
48	12	1
112	13	1
92	29	1
66	13	1
233	10	1
83	36	1
125	13	1
165	29	1
209	26	1
123	6	1
153	31	1
57	6	1
67	36	1
44	13	1
148	37	1
243	13	1
71	11	1
7	10	1
190	12	1
213	7	1
4	12	1
234	30	1
235	10	1
222	14	1
139	13	1
250	29	2
54	33	1
173	31	1
2	30	1
23	36	1
267	26	1
181	13	1
127	10	1
157	7	1
26	32	1
74	35	1
99	26	1
26	12	1
155	30	1
142	31	1
228	7	1
102	10	1
254	10	1
194	30	1
213	37	1
106	29	2
35	36	1
176	26	1
74	11	1
114	7	1
121	14	1
61	26	1
15	29	1
115	35	1
157	37	1
140	36	1
165	35	1
192	6	1
255	37	1
191	14	1
182	37	1
265	29	1
104	31	1
134	30	1
237	26	1
228	37	1
31	26	1
45	30	1
109	36	1
16	33	1
199	33	1
149	29	1
73	14	1
154	7	1
159	6	1
59	31	1
115	11	1
165	11	1
114	37	1
221	6	1
64	14	1
151	33	1
250	35	1
201	6	1
84	7	1
94	13	1
260	7	1
147	13	1
239	7	1
152	14	1
24	33	1
46	31	1
227	14	1
135	36	1
83	14	1
0	6	1
240	30	1
67	14	1
123	10	1
79	31	1
171	6	1
57	10	1
68	6	1
142	26	1
40	31	1
72	33	1
34	36	1
49	36	1
15	35	1
183	31	1
56	11	1
168	36	1
265	35	1
23	14	1
258	12	1
249	13	1
27	6	1
214	29	2
149	35	1
209	13	1
15	11	1
204	33	1
265	11	1
59	26	1
208	36	1
35	14	1
3	36	1
126	29	1
170	26	1
50	33	1
149	11	1
263	30	1
186	31	1
90	26	1
233	7	1
150	37	1
93	31	1
140	14	1
46	26	1
113	30	1
164	7	1
192	10	1
2	33	1
98	32	1
108	36	1
98	12	1
109	14	1
159	10	1
235	7	1
12	26	1
229	31	1
206	36	1
176	13	1
221	10	1
175	29	1
198	33	1
95	26	1
201	10	1
164	37	1
62	13	1
120	36	1
214	35	1
135	14	1
248	26	1
87	32	1
264	29	1
0	10	1
237	13	1
31	13	1
231	7	1
187	12	1
195	31	1
101	32	1
171	10	1
81	33	1
68	10	1
20	6	1
101	12	1
36	26	1
214	11	1
34	14	1
223	6	1
179	36	1
257	6	1
218	33	1
49	14	1
222	37	1
207	26	1
220	7	1
74	36	1
168	14	1
121	7	1
271	31	1
262	30	1
27	10	1
156	12	1
70	26	1
191	7	1
240	33	1
162	12	1
169	26	1
177	13	1
3	14	1
73	7	1
266	29	1
229	26	1
188	6	1
220	37	1
17	33	1
77	30	1
92	36	1
165	36	1
121	37	1
86	26	1
14	30	1
117	30	1
172	6	1
137	32	1
174	6	1
253	6	1
137	12	1
191	37	1
115	6	1
146	13	1
8	33	1
151	31	1
145	13	1
29	30	1
264	35	1
152	7	1
108	14	1
227	7	1
73	37	1
250	36	1
167	30	1
206	14	1
5	31	1
269	29	1
64	37	1
170	13	1
133	33	1
244	29	1
116	7	2
152	37	1
120	14	1
41	33	1
119	30	1
227	37	1
106	36	1
247	26	2
67	37	1
270	26	1
188	30	1
163	26	1
12	13	1
20	10	1
56	6	1
179	14	1
211	7	1
223	10	1
42	36	1
257	10	1
144	6	1
174	30	1
95	13	1
103	33	1
203	26	1
23	37	1
48	29	1
160	33	1
217	13	1
248	13	1
140	7	1
259	6	1
138	30	1
269	35	1
211	37	1
35	37	1
109	7	1
2	31	1
230	11	1
244	35	1
36	13	1
92	14	1
5	26	1
165	14	1
205	7	1
155	31	1
207	13	1
269	11	1
194	31	1
50	32	1
172	10	1
140	37	1
96	33	1
244	11	1
253	10	1
115	10	1
118	11	1
219	36	1
26	29	1
70	13	1
109	37	1
1	6	1
111	29	2
105	26	1
226	30	1
250	14	1
252	29	1
127	26	1
32	6	1
202	30	1
25	30	1
134	31	1
102	26	1
254	26	1
81	31	1
45	31	1
148	12	1
86	13	1
49	7	1
48	35	1
106	14	1
154	13	1
198	32	1
135	37	1
80	33	1
126	36	1
29	33	1
234	26	1
18	30	1
48	11	1
84	13	1
13	10	1
34	37	1
260	13	1
56	10	1
42	14	1
49	37	1
208	7	1
167	33	1
240	31	1
213	32	1
213	12	1
180	33	1
144	10	1
122	32	1
122	12	1
155	26	1
168	37	1
15	10	1
4	11	1
218	32	1
218	12	1
26	35	1
175	36	1
259	10	2
255	32	1
157	12	1
182	32	1
149	10	1
108	7	1
270	13	1
8	31	1
255	12	1
182	12	1
208	37	1
3	37	1
241	30	1
228	12	1
163	13	1
60	33	1
26	11	1
123	26	1
37	30	1
264	36	1
71	7	1
136	29	1
203	13	1
108	37	1
219	14	1
130	6	1
263	31	1
251	30	1
78	30	1
128	33	1
1	10	1
216	30	1
206	37	1
233	13	1
113	31	1
32	10	1
21	6	1
158	30	1
179	7	1
120	37	1
89	32	1
126	14	1
74	7	1
266	36	1
235	13	1
89	12	1
245	36	1
41	32	1
82	30	1
179	37	1
38	30	1
127	13	1
51	30	1
202	33	1
25	33	1
246	14	1
102	13	1
254	13	1
92	7	1
74	37	1
165	7	1
231	13	1
221	26	1
269	36	1
230	6	1
201	26	1
87	29	1
175	14	1
244	36	1
150	32	1
103	32	1
129	32	1
150	12	1
129	12	1
160	32	1
21	30	1
18	33	1
22	33	1
250	7	2
92	37	1
262	31	1
165	37	1
97	30	1
171	26	1
264	14	1
118	6	1
68	26	1
98	35	1
77	31	1
164	32	1
85	33	1
47	6	1
164	12	1
54	29	1
130	10	1
14	31	1
96	32	1
117	31	1
250	37	1
98	11	1
29	31	1
141	36	1
107	30	1
15	7	1
123	13	1
57	13	1
265	7	1
106	37	1
167	31	1
149	7	1
222	32	1
87	35	1
266	14	1
222	12	1
11	33	1
245	14	1
101	35	1
116	13	1
33	30	1
119	31	1
78	33	1
190	6	1
216	33	1
87	11	1
268	36	1
4	6	1
200	33	1
42	37	1
16	29	1
199	29	1
232	33	1
101	11	1
215	33	1
26	36	1
76	30	1
111	36	1
252	36	1
47	30	1
52	33	1
269	14	1
121	12	1
54	35	1
230	10	1
77	26	2
174	31	1
65	33	1
191	32	1
24	29	1
132	30	1
191	12	1
192	13	1
73	32	1
73	12	1
162	11	1
159	13	1
238	6	1
137	35	1
138	31	1
51	33	1
118	10	2
64	32	1
20	26	1
161	33	1
72	29	1
214	7	2
60	32	1
64	12	1
223	26	1
257	26	2
210	30	1
221	13	1
28	30	1
152	12	1
201	13	1
137	11	1
227	12	1
83	32	1
205	13	1
53	30	1
83	12	1
125	6	1
67	32	1
199	35	1
141	14	1
67	12	1
0	13	1
43	30	1
128	32	1
104	36	1
204	29	1
243	6	1
171	13	1
68	13	1
226	31	1
50	29	1
188	26	1
48	10	1
202	31	1
225	6	1
126	37	1
25	31	1
139	6	1
23	32	1
172	26	1
23	12	1
174	26	1
253	26	1
175	7	1
91	14	1
136	36	1
268	14	1
27	13	1
190	10	1
63	33	1
238	30	1
4	10	1
35	32	1
26	14	1
153	14	1
35	12	1
111	14	1
18	31	1
79	36	1
258	6	1
138	26	1
264	7	1
252	14	1
198	29	1
175	37	1
112	30	1
66	30	1
140	12	1
243	29	1
44	30	1
189	33	1
109	12	1
264	37	1
50	35	1
122	29	1
238	10	1
241	31	1
139	30	1
56	26	1
88	33	1
218	29	1
98	6	1
144	26	1
37	31	1
266	7	1
181	30	1
50	11	1
135	32	1
182	29	1
135	12	1
85	32	1
71	13	1
125	10	1
85	12	1
259	26	1
104	14	1
87	36	1
251	31	1
143	30	1
34	32	1
78	31	1
243	10	1
216	31	1
34	12	1
198	35	1
49	32	1
17	29	1
49	12	1
266	37	1
148	11	1
257	13	1
110	33	1
225	10	1
187	6	1
168	32	1
245	37	1
158	31	1
168	12	1
269	7	1
184	33	1
249	6	1
101	6	1
244	7	2
136	14	1
1	26	1
122	35	1
3	32	1
54	36	1
3	12	1
100	33	1
79	14	1
218	35	1
94	30	1
32	26	1
147	30	1
82	31	1
133	29	1
258	10	1
156	6	1
38	31	1
269	37	1
213	11	1
89	29	1
215	32	1
51	31	1
244	37	1
122	11	1
255	35	1
182	35	1
162	6	1
41	29	1
172	13	1
218	11	1
108	32	1
253	13	1
108	12	1
115	13	1
65	32	1
157	11	1
255	11	1
182	11	1
48	7	1
206	32	1
206	12	1
251	26	1
137	6	1
21	31	1
120	32	1
69	33	1
98	10	1
97	31	1
16	36	1
199	36	1
161	32	1
120	12	1
150	29	1
103	29	1
129	29	1
209	30	1
160	29	2
141	37	1
75	33	1
87	14	1
179	32	1
24	36	1
133	35	1
179	12	1
26	7	1
89	35	1
56	13	1
107	31	1
252	7	1
41	35	1
144	13	1
193	6	1
187	10	1
96	29	1
15	13	1
19	33	1
249	10	1
101	10	2
72	36	1
89	11	1
268	37	1
265	13	1
130	26	1
41	11	1
26	37	1
149	13	1
54	14	1
176	30	1
111	37	1
92	32	1
252	37	1
143	33	2
92	12	1
33	31	1
165	12	1
62	30	1
222	29	1
21	26	2
156	10	1
150	35	1
103	35	1
129	35	1
204	36	1
178	33	1
76	31	1
162	10	1
160	35	1
237	30	1
146	6	1
31	30	1
145	6	1
80	29	1
47	31	1
50	36	1
150	11	1
103	11	1
129	11	1
1	13	1
250	12	1
132	31	1
189	32	1
137	10	1
32	13	1
147	33	1
180	29	1
16	14	1
199	14	1
96	35	1
106	32	1
106	12	1
88	32	1
164	11	1
230	26	1
210	31	1
198	36	1
177	30	1
151	14	1
214	13	1
104	37	1
28	31	1
148	6	1
96	11	1
24	14	1
64	29	1
42	32	1
53	31	1
60	29	1
222	35	1
42	12	1
43	31	1
118	26	1
145	30	1
55	33	1
193	10	1
81	36	1
83	29	1
122	36	1
222	11	1
76	26	1
72	14	1
110	32	1
136	37	1
67	29	1
218	36	1
47	26	1
128	29	1
213	6	1
170	30	1
157	6	1
23	29	1
240	36	1
204	14	1
267	33	1
121	11	1
219	32	1
228	6	1
146	10	1
73	35	1
219	12	1
50	14	1
17	36	1
99	33	1
12	30	1
130	13	1
210	26	1
191	11	1
112	31	1
35	29	1
64	35	1
66	31	1
114	6	1
60	35	1
95	30	1
190	26	1
87	7	1
73	11	1
44	31	1
8	36	1
4	26	1
2	14	1
30	33	1
61	33	1
224	33	1
64	11	1
43	26	1
83	35	1
217	30	1
60	11	1
248	30	1
126	32	1
154	6	1
126	12	1
67	35	1
128	35	1
133	36	1
198	14	1
89	36	1
87	37	1
153	33	1
36	30	1
83	11	1
148	10	1
181	31	1
84	6	1
41	36	1
260	6	1
22	29	1
67	11	1
239	6	1
54	7	1
207	30	1
246	32	1
128	11	1
75	32	1
246	12	1
23	35	1
134	14	1
238	26	1
143	31	1
81	14	1
173	33	1
70	30	1
175	32	1
85	29	2
175	12	1
169	30	1
23	11	1
230	13	1
35	35	1
54	37	1
19	32	1
213	10	1
142	33	1
34	29	1
103	36	1
125	26	1
86	30	1
264	32	1
160	36	1
264	12	1
35	11	1
154	30	1
243	26	1
168	29	1
118	13	1
240	14	1
157	10	1
255	10	1
16	7	1
199	7	1
94	31	1
147	31	1
225	26	1
228	10	1
17	14	1
11	29	1
139	26	1
178	32	1
3	29	1
59	33	1
233	6	1
114	10	1
109	11	1
96	36	1
181	26	1
170	33	1
8	14	1
200	29	1
232	29	1
164	6	1
215	29	1
90	33	1
16	37	1
199	37	1
135	35	1
266	32	1
258	26	1
85	35	1
46	33	1
266	12	1
52	29	1
48	13	1
235	6	1
245	32	1
270	30	1
133	14	1
245	12	1
65	29	1
72	7	1
34	35	1
163	30	1
135	11	1
206	29	1
24	37	1
49	35	1
41	14	1
85	11	1
84	10	1
209	31	1
40	33	1
260	10	1
190	13	1
80	36	1
239	10	1
4	13	1
168	35	1
203	30	1
34	11	1
161	29	2
231	6	1
49	11	1
183	33	1
269	12	1
72	37	1
204	7	1
55	32	1
168	11	1
167	36	1
3	35	1
233	30	1
50	7	1
180	36	1
267	31	1
103	14	1
220	6	1
232	35	1
121	6	1
215	35	1
160	14	1
3	11	1
186	33	1
191	6	1
204	37	1
235	30	1
176	31	1
108	35	1
50	37	1
93	33	1
61	31	1
60	36	1
65	35	1
73	6	1
62	31	1
187	26	1
206	35	1
127	30	1
169	33	1
198	7	1
249	26	1
108	11	1
141	32	1
237	31	1
31	31	1
96	14	1
141	12	1
229	33	1
102	30	1
63	29	1
254	30	1
65	11	1
120	35	1
161	35	1
152	6	1
206	11	1
86	33	1
164	10	1
128	36	1
227	6	1
156	26	1
30	32	1
224	32	1
120	11	1
225	13	1
198	37	1
122	7	1
161	11	1
162	26	1
179	35	1
91	32	1
218	7	1
116	6	1
268	32	1
91	12	1
195	33	1
268	12	1
189	29	1
80	14	1
153	32	1
255	7	2
111	32	1
182	7	2
177	31	1
153	12	1
29	14	1
111	12	1
179	11	1
252	32	1
252	12	1
81	37	1
122	37	1
88	29	1
231	10	1
258	13	1
247	33	1
218	37	1
167	14	1
271	33	1
202	36	1
62	26	1
25	36	1
211	6	1
180	14	1
145	31	1
17	7	1
92	35	1
123	30	1
57	30	1
42	29	2
220	10	1
121	10	1
140	6	1
92	11	1
170	31	1
191	10	1
18	36	1
22	36	1
60	14	1
110	29	1
17	37	1
109	6	1
90	31	1
98	13	1
73	10	1
193	26	1
184	29	1
205	6	1
133	7	1
189	35	1
89	7	1
8	37	1
104	32	1
104	12	1
5	33	1
41	7	1
250	11	1
85	36	1
106	35	1
12	31	1
177	26	1
152	10	1
128	14	1
100	29	1
88	35	1
135	6	1
227	10	1
95	31	1
219	29	2
133	37	1
67	10	1
106	11	1
89	37	1
187	13	1
192	30	1
105	33	1
88	11	1
136	32	1
217	31	1
146	26	1
42	35	1
248	31	1
145	26	1
41	37	1
136	12	1
101	13	1
116	10	1
49	6	1
159	30	1
150	7	1
103	7	1
129	7	1
11	36	1
79	32	1
221	30	1
79	12	1
160	7	1
36	31	1
42	11	1
110	35	1
201	30	1
78	36	1
216	36	1
207	31	1
156	13	1
200	36	1
202	14	1
232	36	1
25	14	1
234	33	1
208	6	1
215	36	1
183	32	1
0	30	1
162	13	1
211	10	1
35	10	1
103	37	1
129	37	1
110	11	1
70	31	1
171	30	1
68	30	1
160	37	1
246	29	1
52	36	1
75	29	1
96	7	1
169	31	1
148	26	1
65	36	1
155	33	1
219	35	1
140	10	1
137	13	1
108	6	1
194	33	1
18	14	1
22	14	1
86	31	1
186	32	1
109	10	1
154	31	1
27	30	1
185	26	1
51	36	1
19	29	1
219	11	1
222	7	1
161	36	1
205	10	1
93	32	1
96	37	1
71	6	1
217	26	1
87	12	1
85	14	1
134	33	1
213	26	1
120	6	1
80	7	1
126	35	1
45	33	1
135	10	2
157	26	1
178	29	1
193	13	1
126	11	1
179	6	1
228	26	1
247	31	1
246	35	1
180	7	1
75	35	1
80	37	1
49	10	1
270	31	1
54	32	1
11	14	1
54	12	1
74	6	1
195	32	1
114	26	1
163	31	1
168	10	1
175	35	1
246	11	1
78	14	1
75	11	1
216	14	1
63	36	1
245	29	2
200	14	1
167	37	1
232	14	1
64	7	1
203	31	1
19	35	1
180	37	1
60	7	1
215	14	1
154	26	1
208	10	1
3	10	1
175	11	1
92	6	1
271	32	1
165	6	1
52	14	1
20	30	1
83	7	1
233	31	1
65	14	1
223	30	1
257	30	1
84	26	1
260	26	1
67	7	1
239	26	1
264	11	1
128	7	1
16	32	1
60	37	1
199	32	1
189	36	1
108	10	1
16	12	1
199	12	1
82	14	1
55	29	1
178	35	1
250	6	1
263	33	1
51	14	1
161	14	1
235	31	1
151	32	1
83	37	1
88	36	1
71	10	1
151	12	1
23	7	1
105	31	1
178	11	1
113	33	1
24	32	1
148	13	1
24	12	1
128	37	1
120	10	1
127	31	1
266	35	1
245	35	1
102	31	1
254	31	1
35	7	1
172	30	1
253	30	1
115	30	1
72	32	1
15	6	1
266	11	1
72	12	1
141	29	1
245	11	1
265	6	1
179	10	1
99	29	1
234	31	1
110	36	1
149	6	1
213	13	1
74	10	1
184	36	1
233	26	1
55	35	1
63	14	1
30	29	1
224	29	1
164	26	1
204	32	1
204	12	1
157	13	1
107	14	1
91	29	1
255	13	1
100	36	1
268	29	1
182	13	1
50	12	1
235	26	1
228	13	1
55	11	1
92	10	1
165	10	1
153	29	1
135	7	2
262	33	1
56	30	1
114	13	1
85	7	1
2	32	1
123	31	1
144	30	1
2	12	1
57	31	1
18	37	1
22	37	1
189	14	1
15	30	1
34	7	1
77	33	1
231	26	1
173	29	1
250	10	1
141	35	1
14	33	1
259	30	1
117	33	1
149	30	1
198	12	1
88	14	1
168	7	1
214	6	1
85	37	1
69	36	1
142	29	1
141	11	1
20	33	2
220	26	1
11	7	1
106	10	2
223	33	1
30	35	1
257	33	1
224	35	1
239	13	1
121	26	1
134	32	1
3	7	1
134	12	1
246	36	1
81	32	1
45	32	1
91	35	1
75	36	1
81	12	1
268	35	1
191	26	1
200	7	1
232	7	1
30	11	1
224	11	1
215	7	1
1	30	1
153	35	1
104	29	1
119	33	1
265	10	1
111	35	1
110	14	1
11	37	1
91	11	1
252	35	1
32	30	1
192	31	1
268	11	1
52	7	1
59	29	1
184	14	1
19	36	1
188	33	1
65	7	1
216	37	1
153	11	1
159	31	1
175	6	1
111	11	1
200	37	1
57	26	1
240	32	1
206	7	1
152	26	1
232	37	1
240	12	1
252	11	1
173	35	1
215	37	1
172	33	1
227	26	1
221	31	1
150	13	1
174	33	1
17	32	1
46	29	1
100	14	1
17	12	1
143	36	1
201	31	1
120	7	1
52	37	1
264	6	1
161	7	1
79	29	2
65	37	1
116	26	1
8	32	1
178	36	1
0	31	1
8	12	1
40	29	1
138	33	1
171	31	1
68	31	1
164	13	1
51	37	1
183	29	1
161	37	1
133	32	1
104	35	1
133	12	1
263	32	1
214	10	2
69	14	1
211	26	1
41	12	1
27	31	1
192	26	1
104	11	1
266	6	1
226	33	1
126	10	1
113	32	1
222	13	1
44	14	1
159	26	1
186	29	1
75	14	1
140	26	1
136	35	1
63	7	1
130	30	1
93	29	1
109	26	1
259	33	2
79	35	1
55	36	1
136	11	1
103	12	1
205	26	1
40	35	1
229	29	1
19	14	1
269	6	1
220	13	1
160	12	1
0	26	1
244	6	1
63	37	1
121	13	1
79	11	1
175	10	1
183	35	1
189	7	1
191	13	1
143	14	1
106	7	1
73	13	1
264	10	1
88	7	1
195	29	1
96	12	1
178	14	1
27	26	1
267	36	1
64	13	1
189	37	1
241	33	1
186	35	1
99	36	1
20	31	1
152	13	1
42	7	1
223	31	1
37	33	1
93	35	1
257	31	1
227	13	1
230	30	1
48	6	1
88	37	1
271	29	1
67	13	1
147	14	1
30	36	1
61	36	1
224	36	1
208	26	1
14	32	1
117	32	1
93	11	1
110	7	1
80	32	1
251	33	1
91	36	1
80	12	1
118	30	1
29	32	1
266	10	1
184	7	1
29	12	1
153	36	1
23	13	1
188	31	1
158	33	1
167	32	1
151	29	2
167	12	1
180	32	1
172	31	1
110	37	1
26	6	1
180	12	1
195	35	1
253	31	1
55	14	1
115	31	1
211	13	1
219	7	1
184	37	1
35	13	1
252	6	1
173	36	1
71	26	1
119	32	1
5	29	1
269	10	1
54	11	1
82	33	1
195	11	1
244	10	1
38	33	1
48	30	1
140	13	1
142	36	1
100	37	1
271	35	1
60	12	1
219	37	1
109	13	1
130	33	1
126	7	1
190	30	1
4	30	1
271	11	1
267	14	1
16	35	1
21	33	1
99	14	1
74	26	1
128	12	1
97	33	1
56	31	1
246	7	1
59	36	1
151	35	1
75	7	1
135	13	1
16	11	1
199	11	1
144	31	1
176	14	1
24	35	1
15	31	1
69	37	1
30	14	1
61	14	1
224	14	1
90	36	1
151	11	1
34	13	1
115	26	1
2	29	1
259	31	1
46	36	1
165	26	1
49	13	1
24	11	1
19	7	1
246	37	1
75	37	1
72	35	1
107	33	1
155	29	1
168	13	1
226	32	1
136	6	1
194	29	1
40	36	1
202	32	1
25	32	1
202	12	1
25	12	1
250	26	1
72	11	1
26	10	1
125	30	1
111	10	1
208	13	1
3	13	1
173	14	1
252	10	1
183	36	1
19	37	1
1	31	1
243	30	1
178	7	1
204	35	1
134	29	1
33	33	1
81	29	2
45	29	1
32	31	1
225	30	1
18	32	1
22	32	1
142	14	1
18	12	1
22	12	1
76	33	1
143	37	1
108	13	1
204	11	1
47	33	1
15	26	1
186	36	1
2	35	1
178	37	1
206	13	1
245	7	2
265	26	1
132	33	1
93	36	1
149	26	1
240	29	1
258	30	1
120	13	1
194	35	1
2	11	1
169	36	1
59	14	1
170	14	1
229	36	1
87	6	1
210	33	1
37	32	1
90	14	1
86	36	1
28	33	1
198	11	1
8	29	1
179	13	1
55	7	1
46	14	1
134	35	1
11	32	1
53	33	1
11	12	1
81	35	1
45	35	1
74	13	1
43	33	1
78	32	1
216	32	1
195	36	1
78	12	1
98	30	1
216	12	1
200	32	1
134	11	1
136	10	1
40	14	1
200	12	1
232	32	1
195	12	1
232	12	1
81	11	1
45	11	1
215	12	1
54	6	1
263	29	1
158	32	1
55	37	1
52	32	1
183	14	1
130	31	1
52	12	1
92	13	1
214	26	1
240	35	1
165	13	1
113	29	1
247	36	1
271	36	1
65	12	1
141	7	1
238	33	1
17	35	1
99	7	1
187	30	1
82	32	1
82	12	1
240	11	1
249	30	1
101	30	1
51	32	1
51	12	1
8	35	1
186	14	1
161	12	1
250	13	1
17	11	1
112	33	1
66	33	1
30	7	1
125	33	1
224	7	1
267	37	1
93	14	1
44	33	1
16	6	1
199	6	1
151	36	1
91	7	1
99	37	1
268	7	1
243	33	1
8	11	1
169	14	1
156	30	1
106	13	1
153	7	1
229	14	1
225	33	1
111	7	2
175	26	1
162	30	1
263	35	1
5	36	1
139	33	1
30	37	1
61	37	1
224	37	1
97	32	1
87	10	1
86	14	1
24	6	1
133	11	1
91	37	1
230	31	1
181	33	1
113	35	1
42	13	1
263	11	1
264	26	1
173	7	1
262	29	1
137	30	1
153	37	1
105	36	1
72	6	1
195	14	1
63	32	1
113	11	1
63	12	1
118	31	1
142	7	1
107	32	1
77	29	1
107	12	1
54	10	1
14	29	1
117	29	1
173	37	1
29	29	2
247	14	1
271	14	1
204	6	1
234	36	1
160	11	1
142	37	1
104	7	1
50	6	1
266	26	1
189	12	1
33	32	1
167	29	1
2	36	1
193	30	1
94	33	1
59	7	2
48	31	1
155	36	1
88	12	1
119	29	1
194	36	1
16	10	1
199	10	2
46	7	1
136	7	2
190	31	1
132	32	1
59	37	1
4	31	1
269	26	1
126	13	1
198	6	1
244	26	2
79	7	1
5	14	1
146	30	1
134	36	1
14	35	1
40	7	1
90	37	1
117	35	1
80	35	1
249	33	1
24	10	1
45	36	1
29	35	1
46	37	1
110	12	1
209	33	1
183	7	1
184	32	1
28	32	1
14	11	1
184	12	1
117	11	1
80	11	1
105	14	1
122	6	1
79	37	1
138	29	1
167	35	1
53	32	1
72	10	1
29	11	1
218	6	1
40	37	1
180	35	1
175	13	1
238	31	1
100	32	1
255	6	1
100	12	1
182	6	1
119	35	1
167	11	1
48	26	1
183	37	1
148	30	1
186	7	1
180	11	1
264	13	1
93	7	1
234	14	1
125	31	1
204	10	1
226	29	1
17	6	1
176	33	1
50	10	2
202	29	1
243	31	1
25	29	1
62	33	1
229	7	1
186	37	1
155	14	1
225	31	1
139	31	1
213	30	1
194	14	1
69	32	1
237	33	1
93	37	1
31	33	1
69	12	1
26	26	1
112	32	1
66	32	1
263	36	1
169	37	1
18	29	1
44	32	1
133	6	1
266	13	1
229	37	1
44	12	1
157	30	1
89	6	1
198	10	1
195	7	1
255	30	1
75	12	1
245	13	1
113	36	1
228	30	1
258	31	1
41	6	1
45	14	1
114	30	1
177	33	1
226	35	1
81	10	1
19	12	1
271	7	1
195	37	1
122	10	1
202	35	1
25	35	1
269	13	1
241	29	1
218	10	1
244	13	1
150	6	1
103	6	1
37	29	1
129	6	1
226	11	1
143	32	1
146	33	1
145	33	1
143	12	1
182	10	1
98	31	1
202	11	1
160	6	1
25	11	1
247	37	1
84	30	1
271	37	1
260	30	1
239	30	1
178	12	1
18	35	1
22	35	1
251	29	1
151	7	1
78	29	1
216	29	1
17	10	1
24	7	1
262	36	1
18	11	1
158	29	1
22	11	1
96	6	1
94	32	1
8	10	1
187	31	1
147	32	1
141	13	1
147	12	1
151	37	1
249	31	1
101	31	1
77	36	1
263	14	1
12	33	1
14	36	1
117	36	1
82	29	1
222	6	1
133	10	1
95	33	1
38	29	1
5	37	1
37	35	1
89	10	1
113	14	1
29	36	1
51	29	1
41	10	1
20	36	1
156	31	1
80	6	1
11	35	1
217	33	1
268	13	1
223	36	1
248	33	1
257	36	1
98	26	1
162	31	1
37	11	1
55	12	1
26	13	1
78	35	1
111	13	1
105	37	1
216	35	1
200	35	1
252	13	1
36	33	1
11	11	1
209	32	1
164	30	1
119	36	1
180	6	1
158	35	1
207	33	1
78	11	1
2	7	1
137	31	1
97	29	1
216	11	1
150	10	1
52	35	1
103	10	1
129	10	1
200	11	1
232	11	1
188	36	1
160	10	2
70	33	1
155	7	1
87	26	1
158	11	1
194	7	1
267	32	1
234	37	1
114	33	1
101	26	1
52	11	1
267	12	1
174	36	1
64	6	1
82	35	1
60	6	1
99	32	1
38	35	1
2	37	1
99	12	1
51	35	1
231	30	1
107	29	1
262	14	1
176	32	1
154	33	1
155	37	1
83	6	1
82	11	1
176	12	1
134	7	2
96	10	1
138	36	1
194	37	1
61	32	1
67	6	1
81	7	2
45	7	1
193	31	1
51	11	1
30	12	1
61	12	1
224	12	1
104	13	1
54	26	1
128	6	1
220	30	1
77	14	1
84	33	1
121	30	1
260	33	1
237	32	1
14	14	1
31	32	1
239	33	1
117	14	1
33	29	1
191	30	1
222	10	1
97	35	1
134	37	1
23	6	1
45	37	1
137	26	1
20	14	1
73	30	1
76	29	1
136	13	1
223	14	1
240	7	1
257	14	1
80	10	1
226	36	1
97	11	1
146	31	1
270	33	1
173	32	1
35	6	1
173	12	1
63	35	1
163	33	1
132	29	1
152	30	1
199	26	1
119	14	1
107	35	1
227	30	1
215	11	1
259	36	1
142	32	1
8	7	1
180	10	1
142	12	1
240	37	1
63	11	1
203	33	1
67	30	1
188	14	1
107	11	1
170	7	1
116	30	1
210	29	1
28	29	2
172	14	1
174	14	1
233	33	1
22	6	1
33	35	1
64	10	1
53	29	1
263	7	1
60	10	1
148	31	1
43	29	1
59	32	1
59	12	1
189	11	1
170	32	1
113	7	1
33	11	1
170	12	1
138	14	1
83	10	1
235	33	1
211	30	1
85	6	1
90	32	1
35	30	1
241	36	1
90	12	1
87	13	1
128	10	1
263	37	1
132	35	1
46	32	1
34	6	1
37	36	1
46	12	1
127	33	1
213	31	1
140	30	1
102	33	1
254	33	1
113	37	1
204	26	1
12	32	1
168	6	1
132	11	1
231	33	1
40	32	1
23	10	1
109	30	1
50	26	2
40	12	1
251	36	1
95	32	1
226	14	1
11	6	1
69	29	1
205	30	1
184	35	1
157	31	1
28	35	1
255	31	1
54	13	1
3	6	1
228	31	1
112	29	1
183	12	1
66	29	1
248	32	1
53	35	1
158	36	1
220	33	1
200	6	1
44	29	1
184	11	1
232	6	1
259	14	1
215	6	1
114	31	1
100	35	1
135	30	1
36	32	1
262	7	1
52	6	1
198	26	1
207	32	1
82	36	1
34	30	1
100	11	1
65	6	1
186	12	1
38	36	1
49	30	1
206	6	1
181	29	1
6	10	1
93	12	1
77	7	1
22	10	1
168	30	1
123	33	1
57	33	1
130	36	1
14	7	1
169	32	1
16	13	1
199	13	1
117	7	1
84	31	1
1	14	1
262	37	1
260	31	1
169	12	1
161	6	1
122	26	1
239	31	1
229	32	1
143	29	2
29	7	1
229	12	1
218	26	1
69	35	1
208	30	1
86	32	1
3	30	1
241	14	1
85	10	1
86	12	1
21	36	1
112	35	1
66	35	1
77	37	1
255	26	1
182	26	1
24	13	1
116	33	1
167	7	1
97	36	1
37	14	1
44	35	1
34	10	1
14	37	1
69	11	1
117	37	1
112	11	1
29	37	1
66	11	1
108	30	1
119	7	1
20	37	1
44	11	1
72	13	1
251	14	1
223	37	1
94	29	1
147	29	1
11	10	2
211	33	1
71	30	1
107	36	1
158	14	1
192	33	1
247	32	1
63	6	1
247	12	1
120	30	1
271	12	1
119	37	1
200	10	1
270	32	1
159	33	1
232	10	1
19	11	1
215	10	1
143	35	1
204	13	1
163	32	1
221	33	1
133	26	1
50	13	1
188	37	1
164	31	1
89	26	1
52	10	1
201	33	1
33	36	1
179	30	1
38	14	1
143	11	1
65	10	1
41	26	1
205	33	1
174	37	1
206	10	1
189	6	1
0	33	1
76	36	1
209	29	1
74	30	1
130	14	1
47	36	1
171	33	1
68	33	1
106	6	1
161	10	2
94	35	1
88	6	1
5	32	1
147	35	1
138	37	1
5	12	1
132	36	1
198	13	1
21	14	1
231	31	1
150	26	1
103	26	1
226	7	1
129	26	1
92	30	1
165	30	1
267	29	1
97	14	1
94	11	1
202	7	1
25	7	1
27	33	1
147	11	1
160	26	2
42	6	1
105	32	1
105	12	1
210	36	1
220	31	1
81	13	1
127	32	1
28	36	1
122	13	1
176	29	1
121	31	1
226	37	1
110	6	1
250	30	1
218	13	1
102	32	1
53	36	1
61	29	1
62	29	1
191	31	1
202	37	1
25	37	1
18	7	1
184	6	1
22	7	1
96	26	1
43	36	1
209	35	1
73	31	1
237	29	1
31	29	1
63	10	1
234	32	1
106	30	1
259	37	1
234	12	1
100	6	1
209	11	1
219	6	1
17	13	1
152	31	1
222	26	1
33	14	1
227	31	1
155	32	1
267	35	1
265	30	1
42	30	1
155	12	1
238	36	1
241	7	1
194	32	1
67	31	1
194	12	1
99	35	1
71	33	1
8	13	1
76	14	1
189	10	1
37	7	1
47	14	1
116	31	1
267	11	1
177	29	1
176	35	1
112	36	1
126	6	1
99	11	1
123	32	1
66	36	1
125	36	1
61	35	1
88	10	1
132	14	1
133	13	1
241	37	1
44	36	1
180	26	1
251	7	1
89	13	1
78	7	1
216	7	1
243	36	1
45	12	1
176	11	1
41	13	1
37	37	1
237	35	1
31	35	1
61	11	1
73	26	1
42	10	1
246	6	1
211	31	1
158	7	1
75	6	1
139	36	1
74	33	1
210	14	1
28	14	1
237	11	1
31	11	1
64	26	1
170	29	1
60	26	1
251	37	1
78	37	1
181	36	1
53	14	1
90	29	1
110	10	1
140	31	1
184	10	1
103	13	1
43	14	1
82	7	1
19	6	1
129	13	1
253	33	1
214	30	1
83	26	1
158	37	1
109	31	1
115	33	1
38	7	1
160	13	1
67	26	1
51	7	1
142	35	1
205	31	1
128	26	1
173	11	1
126	30	1
12	29	1
100	10	1
95	29	1
219	10	1
82	37	1
142	11	1
38	37	1
23	26	1
135	31	1
178	6	1
238	14	1
221	32	1
96	13	1
217	29	1
248	29	1
201	32	1
97	7	1
94	36	1
147	36	1
59	35	1
263	12	1
35	26	1
170	35	1
49	31	1
36	29	1
175	30	1
112	14	1
66	14	1
125	14	1
56	33	1
90	35	1
171	32	1
245	6	1
113	12	1
68	32	1
207	29	1
144	33	1
59	11	1
